P_pv	P_sc	P_resultante
4.57005	-4.954504504528501e-05	4.57005
4.56057	0.00938307019473772	4.56057
4.5511	0.018782189907057045	4.5511
4.54163	0.028161083500096495	4.54163
4.53215	0.037529289398203325	4.53215
4.52268	0.04686572658224186	4.52268
4.51321	0.056179366283590326	4.51321
4.50373	0.065479411035815	4.50373
4.5	0.06902099730457145	4.5
4.5	0.06883376888306536	4.5
4.5	0.06864740469858344	4.5
4.5	0.06846173415897283	4.5
4.5	0.06827666617735417	4.5
4.5	0.06809215178129868	4.5
4.5	0.06790816433790692	4.5
4.5	0.06772468907365514	4.5
4.5029	0.06464955243405868	4.5029
4.51022	0.05717466898135548	4.51022
4.51753	0.04972995457842355	4.51753
4.52485	0.042295380589933984	4.52485
4.53217	0.0348808920480872	4.53217
4.53948	0.02749640741159265	4.53948
4.5468	0.020121899531674536	4.5468
4.55412	0.012767314383909323	4.55412
4.56143	0.00544257110534474	4.56143
4.56875	-0.0018723569030010268	4.56875
4.57607	-0.00916752317753744	4.57607
4.58339	-0.016442981107318566	4.58339
4.59	-0.02299070204521847	4.59
4.58142	-0.014371770637930048	4.58142
4.56909	-0.002036254667679316	4.56909
4.55676	0.010265936139762566	4.55676
4.54443	0.022534891814522062	4.54443
4.5321	0.03477070214341804	4.5321
4.51977	0.0469734566706661	4.51977
4.50745	0.059133271714185476	4.50745
4.5	0.06640339286955221	4.5
4.5	0.06622399997880546	4.5
4.5	0.06604509172910422	4.5
4.5	0.06586666681115716	4.5
4.5	0.06568872391921143	4.5
4.5	0.06551126175104294	4.4
4.5	0.06533427900794564	4.4
4.5	0.06515777439472359	4.4
4.5	0.06498174661967848	4.4
4.5	0.06480619439460256	4.4
4.5	0.06463111643476793	4.4
4.5	0.06445651145891684	4.4
4.5	0.06428237818925453	4.4
4.5	0.0641087153514377	4.4
4.5	0.06393552167456473	4.5
4.5	0.06376279589116862	4.5
4.5	0.06359053673720538	4.5
4.5	0.06341874295204697	4.5
4.5	0.0632474132784715	4.5
4.5	0.0630765464626517	4.5
4.5	0.06290614125414873	4.5
4.5	0.06273619640590145	4.5
4.5	0.06256671067421848	4.5
4.5	0.062397682818767564	4.5
4.5	0.06222911160256839	4.6
4.5	0.06206099579198199	4.6
4.5	0.061893334156700064	4.6
4.5	0.06172612546974143	4.6
4.5	0.06155936850743693	4.6
4.5	0.06139306204942496	4.6
4.5	0.06122720487864086	4.6
4.5	0.061061795781306216	4.6
4.5	0.06089683354692266	4.6
4.5	0.06073231696826209	4.2
4.5	0.0605682448413587	4.2
4.5	0.06040461596549829	4.2
4.5	0.06024142914321029	4.2
4.5	0.06007868318025977	4.2
4.5	0.05991637688563767	4.2
4.5	0.059754509071552775	4.2
4.5	0.059593078553422885	4.2
4.5	0.059432084149865005	4.2
4.5	0.05927152468268915	4.5
4.5	0.059111398976887664	4.5
4.5	0.05895170586062726	4.5
4.5	0.0587924441652401	4.5
4.5	0.05863361272521672	4.5
4.5	0.058475210378194475	4.5
4.5	0.058317235964953085	4.5
4.5	0.05815968832940133	4.5
4.5	0.05800256631857437	4.5
4.5	0.05784586878261955	4.5
4.5	0.05768959457479195	4.5
4.5	0.05753374255144461	4.5
4.5	0.05737831157201967	4.5
4.5	0.05722330049904123	4.5
4.5	0.05706870819810472	4.5
4.5	0.05691453353787246	4.5
4.5	0.05676077539006208	4.5
4.5	0.05660743262943946	4.5
4.5	0.05645450413380981	4.5
4.5	0.05630198878401149	4.4
4.5	0.056149885463904425	4.4
4.5	0.055998193060365686	4.4
4.5	0.055846910463277055	4.4
4.5	0.05569603656552147	4.4
4.5	0.05554557026297413	4.4
4.5	0.055395510454489205	4.4
4.5	0.05524585604189891	4.4
4.5	0.05509660593000021	4.4
4.5	0.05494775902655036	4.4
4.5	0.05479931424225626	4.5
4.5	0.054651270490767345	4.5
4.5	0.05450362668866937	4.5
4.5	0.054356381755474636	4.5
4.50943	0.044805010344393104	4.50943
4.52127	0.03287595332120308	4.52127
4.53311	0.0209791233865797	4.53311
4.54495	0.00911443347703944	4.54495
4.5568	-0.002728176220069045	4.5568
4.56864	-0.014528819387053638	4.66864
4.58048	-0.026297582383482343	4.680479999999999
4.59	-0.03572081895973156	4.6899999999999995
4.59	-0.035624316948379864	4.6899999999999995
4.59	-0.03552807564320659	4.6899999999999995
4.59	-0.03543209433989869	4.6899999999999995
4.59	-0.03533637233604292	4.6899999999999995
4.59	-0.035240908931126746	4.6899999999999995
4.59	-0.03514570342652856	4.6899999999999995
4.59	-0.03505075512551592	4.49
4.59	-0.03495606333323664	4.49
4.59	-0.03486162735671616	4.49
4.59	-0.034767446504852195	4.49
4.59	-0.03467352008841029	4.49
4.59	-0.03457984742001674	4.49
4.59	-0.034486427814155896	4.49
4.59	-0.034393260587163965	4.49
4.59	-0.034300345057221904	4.49
4.59	-0.03420768054435719	4.49
4.59	-0.03411526637042961	4.79
4.59	-0.03402310185913393	4.79
4.59	-0.03393118633599013	4.79
4.59	-0.0338395191283416	4.79
4.59	-0.03374809956534808	4.79
4.5794	-0.023085563536441533	4.7794
4.56417	-0.007834341243570186	4.76417
4.54894	0.007375678924890217	4.74894
4.53371	0.02254460827903859	4.73371
4.51849	0.03766258484388363	4.51849
4.50326	0.05274969224030812	4.50326
4.5	0.05585837857747045	4.5
4.50726	0.04846708703887437	4.50726
4.51785	0.03777475973536237	4.51785
4.52844	0.02711131841825498	4.52844
4.53903	0.01647668505026445	4.53903
4.54962	0.005870781804928171	4.54962
4.56021	-0.004706468933965979	4.56021
4.57079	-0.015245171588564865	4.57079
4.58138	-0.02576537626767106	4.58138
4.59	-0.03429248203770818	4.59
4.59	-0.034199838767278834	4.59
4.59	-0.03410744577839875	4.59
4.59	-0.034015302394917235	4.59
4.59	-0.033923407942510586	4.59
4.59	-0.03383176174867586	4.59
4.59	-0.03374036314272644	4.59
4.59	-0.033649211455788475	4.59
4.59	-0.03355830602079468	4.6899999999999995
4.59	-0.03346764617247988	4.6899999999999995
4.59	-0.03337723124737746	4.6899999999999995
4.59	-0.033287060583812256	4.6899999999999995
4.59	-0.03319713352189613	4.6899999999999995
4.59	-0.0331074494035235	4.6899999999999995
4.59	-0.033018007572367836	4.6899999999999995
4.59	-0.03292880737387538	4.6899999999999995
4.59	-0.032839848155259865	4.6899999999999995
4.59	-0.032751129265498946	4.79
4.59	-0.032662650055329756	4.79
4.59	-0.03257440987724358	4.79
4.59	-0.032486408085479646	4.79
4.59	-0.03239864403602333	4.79
4.59	-0.03231111708659817	4.79
4.59	-0.03222382659666412	4.79
4.59	-0.03213677192741127	4.79
4.59	-0.03204995244175457	4.79
4.59	-0.03196336750433204	4.6899999999999995
4.59	-0.03187701648149499	4.6899999999999995
4.59	-0.03179089874131069	4.6899999999999995
4.59	-0.03170501365355172	4.6899999999999995
4.59	-0.03161936058969239	4.6899999999999995
4.59	-0.031533938922905236	4.6899999999999995
4.59	-0.031448748028057416	4.6899999999999995
4.59	-0.03136378728170364	4.6899999999999995
4.58787	-0.0291548103893966	4.687869999999999
4.58248	-0.02370060827789011	4.68248
4.57709	-0.01826114103219556	4.57709
4.5717	-0.012836368845158042	4.5717
4.56631	-0.007426252017164181	4.56631
4.56092	-0.002030750955850813	4.56092
4.55553	0.0033501738241836776	4.55553
4.55014	0.00871656170166979	4.55014
4.54475	0.014068451948951122	4.54475
4.53936	0.019405883732275697	4.53936
4.53397	0.02472889611208462	4.53397
4.52858	0.030037528043290962	4.52858
4.52319	0.03533181837556931	4.52319
4.51781	0.04060183286926211	4.51781
4.51242	0.045867583075812846	4.51242
4.50703	0.05111910753107729	4.50703
4.50164	0.056356444666809224	4.50164
4.5	0.057839763668877	4.5
4.5	0.057683505954393866	4.5
4.5	0.05752767037983286	4.5
4.5	0.05737225580475691	4.5
4.5	0.05721726109181002	4.5
4.5	0.057062685106707534	4.5
4.5	0.056908526718231656	4.5
4.5	0.05675478479821816	4.5
4.5	0.05660145822155105	4.5
4.5	0.05644854586615544	4.5
4.5	0.05629604661298693	4.5
4.5	0.056143959346023564	4.5
4.5	0.055992282952259664	4.5
4.5	0.055841016321695136	4.5
4.5	0.055690158347330154	4.5
4.5	0.055539707925153614	4.5
4.5	0.05538966395413869	4.5
4.5	0.05524002533623218	4.5
4.5	0.055090790976346504	4.5
4.5	0.05494195978235439	4.5
4.5	0.054793530665078194	4.5
4.5	0.05464550253828282	4.5
4.5	0.054497874318667705	4.5
4.5	0.05435064492585795	4.5
4.5	0.054203813282398094	4.5
4.5	0.05405737831374413	4.5
4.5	0.05391133894825462	4.5
4.5	0.05376569411718268	4.5
4.5	0.05362044275466893	4.5
4.5	0.05347558379773343	4.5
4.5	0.05333111618626951	4.5
4.5	0.05318703886303222	4.5
4.5	0.05304335077363387	4.5
4.5	0.05290005086653338	4.5
4.5	0.052757138093034506	4.5
4.5	0.05261461140727075	4.5
4.5	0.05247246976620179	4.5
4.5	0.052330712129605494	4.5
4.5	0.05218933746007082	4.5
4.5	0.05204834472298803	4.5
4.5	0.05190773288654249	4.5
4.5	0.051767500921707565	4.5
4.5	0.0516276478022375	4.5
4.5	0.05148817250465587	4.5
4.5	0.05134907400825561	4.5
4.5	0.051210351295083	4.5
4.5	0.051072003349938555	4.5
4.5	0.05093402916036105	4.5
4.5	0.05079642771662751	4.5
4.5	0.05065919801174168	4.5
4.5	0.05052233904142778	4.5
4.5	0.050385849804124305	4.5
4.5	0.05024972930097338	4.5
4.5	0.05011397653581806	4.5
4.5	0.049978590515190824	4.5
4.5	0.04984357024830821	4.5
4.5	0.04970891474706374	4.5
4.5	0.04957462302602078	4.5
4.5	0.049440694102403704	4.5
4.5	0.0493071269960943	4.5
4.5	0.04917392072961846	4.5
4.5	0.049041074328146195	4.5
4.5	0.04890858681948007	4.5
4.5	0.04877645723404811	4.5
4.5	0.048644684604899346	4.5
4.5	0.048513267967693174	4.5
4.5	0.04838220636069579	4.5
4.5	0.04825149882477131	4.5
4.5	0.04812114440337556	4.5
4.5	0.047991142142546295	4.5
4.5	0.047861491090899655	4.5
4.5	0.047732190299623056	4.5
4.5	0.04760323882246542	4.5
4.5	0.047474635715734514	4.5
4.5	0.047346380038285396	4.5
4.5	0.04721847085151509	4.5
4.5	0.047090907219359046	4.5
4.5	0.046963688208279564	4.5
4.5	0.04683681288726049	4.5
4.5	0.04671028032780278	4.5
4.5	0.04658408960391469	4.5
4.5	0.046458239792105616	4.5
4.5	0.046332729971380715	4.5
4.5	0.04620755922323294	4.5
4.5	0.04608272663163682	4.5
4.5	0.04595823128304222	4.5
4.5	0.04583407226636549	4.5
4.5	0.04571024867298412	4.5
4.5	0.04558675959673142	4.5
4.5	0.04546360413389028	4.5
4.5	0.04534078138318165	4.5
4.5	0.04521829044576364	4.5
4.5	0.04509613042522176	4.5
4.5	0.04497430042756445	4.5
4.5	0.04485279956121335	4.5
4.5	0.04473162693700061	4.5
4.5	0.04461078166815913	4.5
4.5	0.0444902628703181	4.5
4.5	0.044370069661495926	4.5
4.5	0.044250201162093106	4.5
4.5	0.04413065649488779	4.5
4.5	0.04401143478502689	4.5
4.5	0.043892535160020785	4.5
4.5	0.04377395674973794	4.5
4.5	0.04365569868639607	4.5
4.5	0.043537760104558565	4.5
4.5	0.04342014014112561	4.5
4.5	0.04330283793533063	4.5
4.5	0.043185852628731425	4.5
4.5	0.04306918336520571	4.5
4.5	0.04295282929094224	4.5
4.5	0.04283678955443815	4.5
4.5	0.04272106330649006	4.5
4.5	0.04260564970018965	4.5
4.5	0.04249054789091655	4.5
4.5	0.04237575703633123	4.5
4.5	0.042261276296369665	4.5
4.5	0.04214710483323891	4.5
4.5	0.04203324181140822	4.5
4.5	0.041919686397603684	4.5
4.5	0.04180643776080384	4.5
4.5	0.041693495072230746	4.5
4.5	0.04158085750534646	4.5
4.5	0.04146852423584679	4.5
4.5	0.04135649444165157	4.5
4.5	0.041244767302905494	4.5
4.5	0.041133342001964834	4.5
4.5	0.04102221772339565	4.5
4.5	0.040911393653967565	4.5
4.5	0.04080086898264845	4.5
4.5	0.040690642900593765	4.5
4.5	0.04058071460114654	4.5
4.5	0.0404710832798294	4.5
4.5	0.04036174813433746	4.5
4.5	0.0402527083645321	4.5
4.5	0.04014396317243829	4.5
4.5	0.04003551176223574	4.5
4.5	0.03992735334025532	4.5
4.5	0.03981948711497019	4.5
4.5	0.03971191229699311	4.5
4.5	0.03960462809907028	4.5
4.5	0.039497633736071514	4.5
4.5	0.039390928424991145	4.5
4.5	0.039284511384936494	4.5
4.5	0.039178381837126075	4.5
4.5	0.03907253900488161	4.5
4.5	0.03896698211362448	4.5
4.5	0.038861710390865056	4.5
4.5	0.03875672306620448	4.5
4.5	0.03865201937132312	4.5
4.5	0.038547598539977024	4.5
4.48579	0.05261507061028681	4.48579
4.46539	0.07281781586143055	4.46539
4.44498	0.0929759551256879	4.44498
4.42457	0.1130796359245263	4.42457
4.40416	0.13312900538087113	4.40416
4.38375	0.15312421022018885	4.38375
4.36334	0.1730653967715572	4.36334
4.34294	0.19294273798435668	4.34294
4.32253	0.21277635230949254	4.32253
4.30212	0.23255638489349195	4.30212
4.3	0.23404239206190702	4.3999999999999995
4.3	0.233410112001339	4.3999999999999995
4.3	0.2327795400846311	4.3999999999999995
4.3	0.23215067169712622	4.3999999999999995
4.31105	0.2205033544980468	4.4110499999999995
4.32338	0.2076109612494088	4.42338
4.33571	0.19475339760199084	4.435709999999999
4.34803	0.18194054244584024	4.448029999999999
4.36036	0.16915232902943345	4.46036
4.37269	0.156398663765958	4.47269
4.38502	0.14367945332143428	4.58502
4.39	0.13832474813245543	4.59
4.39	0.13795105523281936	4.59
4.39	0.13757837188776545	4.59
4.39	0.13720669536991892	4.59
4.39	0.13683602295927333	4.59
4.39	0.13646635194317014	4.59
4.39	0.13609767961628094	4.59
4.39	0.13573000328058438	4.59
4.39	0.13536332024534836	4.489999999999999
4.39	0.13499762782710967	4.489999999999999
4.39	0.13463292334965526	4.489999999999999
4.39	0.134269204144001	4.489999999999999
4.39	0.13390646754837565	4.489999999999999
4.39	0.13354471090819509	4.489999999999999
4.39	0.1331839315760508	4.489999999999999
4.39	0.13282412691168322	4.489999999999999
4.39	0.13246529428196752	4.489999999999999
4.39	0.1321074310608905	4.489999999999999
4.39	0.13175053462953557	4.489999999999999
4.39	0.1313946023760595	4.489999999999999
4.39	0.13103963169567567	4.489999999999999
4.39	0.13068561999063544	4.489999999999999
4.39	0.1303325646702076	4.489999999999999
4.39	0.12998046315065892	4.489999999999999
4.39	0.12962931285523815	4.489999999999999
4.39	0.12927911121415292	4.489999999999999
4.39	0.1289298556645555	4.489999999999999
4.39	0.12858154365052066	4.489999999999999
4.39	0.12823417262302872	4.489999999999999
4.39	0.12788774003994607	4.489999999999999
4.39	0.12754224336600561	4.489999999999999
4.39	0.12719768007279164	4.489999999999999
4.39	0.12685404763871855	4.489999999999999
4.39	0.12651134354901128	4.489999999999999
4.39	0.12616956529569112	4.489999999999999
4.39	0.1258287103775535	4.489999999999999
4.39	0.1254887763001511	4.489999999999999
4.39	0.12514976057577432	4.489999999999999
4.39	0.12481166072343619	4.489999999999999
4.39	0.12447447426885194	4.489999999999999
4.39	0.12413819874442034	4.489999999999999
4.39	0.1238028316892068	4.489999999999999
4.39	0.1234683706489248	4.489999999999999
4.39	0.12313481317591979	4.489999999999999
4.39	0.12280215682914797	4.489999999999999
4.39	0.12247039917416203	4.489999999999999
4.39	0.12213953778308895	4.489999999999999
4.39	0.1218095702346167	4.489999999999999
4.39	0.12148049411397377	4.489999999999999
4.39	0.12115230701291324	4.489999999999999
4.39	0.1208250065296923	4.489999999999999
4.38884	0.12165545645699982	4.48884
4.37541	0.1347205147050463	4.475409999999999
4.36198	0.14775027688664988	4.46198
4.34854	0.16075481134070824	4.4485399999999995
4.33511	0.17371424025273452	4.43511
4.32168	0.1866386584625328	4.421679999999999
4.30825	0.1995281605536876	4.40825
4.3	0.20721683494603926	4.3999999999999995
4.3	0.20665702579438872	4.3999999999999995
4.3	0.20609872900193604	4.3999999999999995
4.3	0.2055419404829486	4.3999999999999995
4.3	0.20498665616273204	4.3999999999999995
4.30284	0.20160054441401787	4.402839999999999
4.31809	0.18584710684242634	4.51809
4.33335	0.1701262551766387	4.53335
4.3486	0.15445784735256396	4.5486
4.36386	0.1388217957211495	4.56386
4.37911	0.12323795883888788	4.57911
4.39	0.11204444384917345	4.59
4.39	0.11174174882405818	4.59
4.39	0.111439871548356	4.59
4.39	0.11113880981286606	4.59
4.39	0.110838561414357	4.489999999999999
4.39	0.11053912415554734	4.489999999999999
4.39	0.1102404958450931	4.489999999999999
4.39	0.1099426742975691	4.489999999999999
4.39	0.10964565733345655	4.489999999999999
4.39	0.10934944277912262	4.489999999999999
4.39	0.109054028466808	4.489999999999999
4.39	0.10875941223460917	4.489999999999999
4.39	0.10846559192646232	4.489999999999999
4.39	0.10817256539212927	4.489999999999999
4.39	0.10788033048718226	4.489999999999999
4.39	0.10758888507298359	4.489999999999999
4.39	0.1072982270166758	4.489999999999999
4.39	0.10700835419116217	4.489999999999999
4.39	0.10671926447509339	4.489999999999999
4.39	0.10643095575285066	4.489999999999999
4.39	0.10614342591453063	4.489999999999999
4.39	0.10585667285592848	4.489999999999999
4.39	0.1055706944785273	4.489999999999999
4.39	0.10528548868947762	4.489999999999999
4.39	0.10500105340158328	4.489999999999999
4.39	0.10471738653328888	4.489999999999999
4.39	0.10443448600865946	4.489999999999999
4.39	0.10415234975737064	4.489999999999999
4.39	0.10387097571469095	4.489999999999999
4.39	0.10359036182146664	4.489999999999999
4.39	0.10331050602410574	4.489999999999999
4.39	0.10303140627456564	4.489999999999999
4.39	0.10275306053033617	4.6899999999999995
4.39	0.10247546675442543	4.6899999999999995
4.39	0.10219862291534376	4.6899999999999995
4.39	0.10192252698709048	4.6899999999999995
4.39	0.10164717694913783	4.6899999999999995
4.39	0.1013725707864177	4.6899999999999995
4.39	0.10109870648930475	4.6899999999999995
4.39	0.10082558205360215	4.6899999999999995
4.39	0.10055319548052921	4.6899999999999995
4.39	0.1002815447767027	4.489999999999999
4.39	0.10001062795412796	4.489999999999999
4.39	0.09974044303017848	4.489999999999999
4.39	0.09947098802758436	4.489999999999999
4.39	0.09920226097441809	4.489999999999999
4.39	0.09893425990407856	4.489999999999999
4.39	0.09866698285527775	4.489999999999999
4.39	0.0984004278720283	4.489999999999999
4.39	0.09813459300362393	4.489999999999999
4.39	0.09786947630462972	4.39
4.39	0.097605075834867	4.39
4.39	0.09734138965939643	4.39
4.39	0.09707841584850918	4.39
4.39	0.09681615247770736	4.39
4.39	0.09655459762769425	4.39
4.39	0.09629374938435475	4.39
4.39	0.09603360583874831	4.39
4.39	0.09577416508709113	4.39
4.39	0.09551542523074019	4.39
4.39	0.09525738437618436	4.39
4.39	0.09500004063502576	4.39
4.39	0.09474339212396998	4.39
4.39	0.09448743696480832	4.39
4.39	0.0942321732844098	4.39
4.39	0.09397759921470072	4.39
4.39	0.09372371289265491	4.39
4.39	0.0934705124602786	4.39
4.39	0.09321799606459891	4.39
4.39	0.09296616185764783	4.39
4.39	0.09271500799645072	4.39
4.39	0.09246453264301113	4.39
4.39	0.09221473396429847	4.39
4.39	0.0919656101322337	4.39
4.39	0.09171715932367608	4.39
4.39	0.09146937972041069	4.39
4.39	0.09122226950913515	4.39
4.39	0.09097582688144623	4.39
4.39	0.09073005003382395	4.09
4.39	0.09048493716762351	4.09
4.39	0.09024048648905669	4.09
4.39	0.08999669620918294	4.09
4.39	0.08975356454389427	4.09
4.39	0.08951108971390287	4.09
4.39	0.08926926994472684	4.09
4.39	0.08902810346667867	4.09
4.39	0.08878758851485191	4.09
4.39	0.08854772332910787	4.39
4.39	0.08830850615406316	4.39
4.39	0.08806993523907725	4.39
4.39	0.08783200883823827	4.39
4.39	0.08759472521034972	4.39
4.39	0.08735808261892153	4.39
4.39	0.08712207933215499	4.39
4.41944	0.057526247611702885	4.41944
4.44929	0.027601478509565958	4.44929
4.47914	-0.0022424469699524607	4.47914
4.50899	-0.03200574723092142	4.50899
4.53884	-0.061688640087377955	4.53884
4.56869	-0.09129134276491957	4.56869
4.59	-0.11229714324278905	4.59
4.59	-0.11199376553456464	4.59
4.59	-0.11169120742006378	4.59
4.59	-0.11138946668510474	4.59
4.59	-0.11108854112148414	4.59
4.59	-0.11078842852696713	4.49
4.59	-0.110489126705267	4.49
4.59	-0.11019063346603009	4.49
4.59	-0.10989294662482063	4.49
4.59	-0.10959606400310484	4.49
4.59	-0.1092999834282331	4.49
4.59	-0.10900470273342666	4.49
4.59	-0.10871021975776074	4.49
4.59	-0.1084165323461459	4.49
4.59	-0.10812363834931649	4.49
4.59	-0.10783153562381464	4.49
4.59	-0.10754022203197078	4.49
4.59	-0.10724969544189111	4.49
4.59	-0.10695995372744083	4.49
4.59	-0.10667099476823072	4.49
4.59	-0.10638281644959946	4.49
4.59	-0.1060954166625967	4.49
4.59	-0.10580879330397153	4.49
4.59	-0.10552294427615472	4.49
4.59	-0.10523786748724362	4.49
4.59	-0.10495356085098528	4.49
4.59	-0.10467002228676581	4.49
4.59	-0.10438724971959079	4.49
4.59	-0.10410524108007113	4.49
4.59	-0.1038239943044097	4.49
4.59	-0.10354350733438356	4.49
4.59	-0.10326377811732979	4.49
4.59	-0.10298480460613213	4.49
4.59	-0.10270658475920502	4.39
4.59	-0.1024291165404767	4.39
4.59	-0.10215239791937769	4.39
4.59	-0.10187642687082299	4.39
4.59	-0.10160120137519879	4.39
4.59	-0.10132671941834737	4.39
4.59	-0.10105297899155374	4.39
4.59	-0.10077997809152706	4.39
4.59	-0.10050771472038988	4.39
4.59	-0.10023618688566227	4.49
4.59	-0.0999653926002475	4.49
4.59	-0.09969532988241614	4.49
4.59	-0.09942599675579267	4.49
4.59	-0.0991573912493422	4.49
4.59	-0.09888951139735269	4.49
4.59	-0.09862235523942342	4.49
4.59	-0.09835592082044986	4.49
4.59	-0.09809020619061037	4.49
4.59	-0.09782520940534933	4.49
4.60144	-0.10897002265472633	4.60144
4.6181	-0.12529062534454827	4.6181
4.63477	-0.14157710989676708	4.63477
4.65144	-0.1578195954992747	4.65144
4.6681	-0.17400822803358462	4.6681
4.68477	-0.1901630989558658	4.68477
4.70144	-0.20627432649082955	4.70144
4.7181	-0.22233205555941993	4.7181
4.73477	-0.23835637665982556	4.73477
4.75144	-0.2543374070613673	4.65144
4.7681	-0.27026529073217986	4.6681
4.78477	-0.2861601172202155	4.68477
4.79	-0.29060290871776573	4.69
4.79	-0.28981782690798497	4.69
4.79	-0.28903486604548156	4.69
4.79	-0.2882540204003847	4.69
4.79	-0.2874752842583037	4.69
4.79	-0.2866986519202843	4.69
4.79	-0.28592411770276893	4.69
4.79	-0.28515167593755564	4.59
4.79	-0.2843813209717547	4.59
4.79	-0.28361304716774693	4.59
4.79	-0.28284684890314526	4.59
4.79	-0.28208272057075057	4.59
4.79	-0.28132065657851246	4.59
4.79	-0.2805606513494876	4.59
4.79	-0.2798026993217997	4.59
4.79	-0.27904679494859685	4.59
4.79	-0.27829293269801436	4.59
4.79	-0.27754110705313106	4.59
4.79	-0.27679131251193034	4.59
4.79	-0.27604354358725836	4.59
4.79	-0.27529779480678673	4.59
4.79	-0.27455406071296995	4.59
4.79	-0.273812335863008	4.59
4.79	-0.27307261482880385	4.59
4.79	-0.2723348921969242	4.59
4.79	-0.27159916256856054	4.59
4.79	-0.27086542055949003	4.59
4.79	-0.2701336608000364	4.59
4.79	-0.2694038779350292	4.59
4.79	-0.2686760666237644	4.59
4.80433	-0.2822415081548062	4.60433
4.85441	-0.33142372095714023	4.6544099999999995
4.9045	-0.3804830379408317	4.7044999999999995
4.95458	-0.42939984514781226	4.75458
5.00466	-0.47818450056147377	4.80466
5.05475	-0.5268473341824738	4.954750000000001
5.09	-0.560578793317414	4.99
5.09	-0.559064354884832	4.99
5.09	-0.5575540078017509	4.99
5.09	-0.556047741015135	4.99
5.09	-0.5545455435018107	4.99
5.09	-0.5530474042683835	4.99
5.09	-0.5515533123511576	4.99
5.09	-0.5500632568160579	4.99
5.09	-0.548577226758546	4.59
5.09	-0.5470952113035441	4.59
5.09	-0.5456171996053554	4.59
5.09	-0.5441431808475814	4.59
5.09	-0.5426731442430457	4.59
5.09	-0.5412070790337138	4.59
5.09	-0.5397449744906151	4.59
5.09	-0.5382868199137638	4.59
5.09	-0.5368326046320799	4.59
5.09	-0.5353823180033137	4.59
5.09	-0.5339359494139648	4.59
5.09	-0.532493488279207	4.59
5.09	-0.5310549240428086	4.59
5.09	-0.529620246177056	4.59
5.09	-0.5281894441826784	4.59
5.09	-0.5267625075887681	4.59
5.09	-0.5253394259527067	4.59
5.09	-0.5239201888600853	4.59
5.09	-0.5225047859246299	4.59
5.09	-0.5210932067881275	4.59
5.09	-0.5196854411203482	4.59
5.09	-0.5182814786189693	4.59
5.09	-0.5168813090095004	4.59
5.09	-0.515484922045208	4.59
5.09	-0.5140923075070418	4.59
5.09	-0.5127034552035576	4.59
5.09	-0.5113183549708449	4.59
5.09	-0.5099369966724518	4.59
5.09	-0.5085593701993094	4.59
5.09	-0.5071854654696608	4.59
5.09	-0.5058152724289844	4.59
5.09	-0.5044487810499225	4.59
5.09	-0.5030859813322053	4.59
5.09	-0.5017268633025811	4.59
5.09	-0.5003714170147404	4.59
5.09	-0.49901963254924553	4.59
5.09	-0.49767150001345417	4.59
5.09	-0.4963270095414529	4.59
5.09	-0.49498615129397994	4.59
5.09	-0.49364891545835476	4.59
5.09	-0.4923152922484064	4.59
5.09	-0.4909852719044032	4.59
5.09	-0.48965884469297905	4.59
5.09	-0.4883360009070623	4.59
5.09	-0.48701673086580666	4.59
5.09	-0.48570102491451816	4.59
5.09	-0.4843888734245869	4.59
5.09	-0.4830802667934151	4.6899999999999995
5.09	-0.4817751954443459	4.6899999999999995
5.09	-0.480473649826596	4.6899999999999995
5.09	-0.4791756204151838	4.6899999999999995
5.09	-0.4778810977108572	4.6899999999999995
5.09	-0.4765900722400316	4.6899999999999995
5.09	-0.4753025345547117	4.6899999999999995
5.09	-0.47401847523242857	4.6899999999999995
5.09	-0.4727378848761692	4.6899999999999995
5.09	-0.47146075411430566	4.6899999999999995
5.09	-0.47018707360052936	4.6899999999999995
5.09	-0.4689168340137799	4.6899999999999995
5.09	-0.4676500260581795	4.6899999999999995
5.09	-0.4663866404629644	4.6899999999999995
5.09	-0.46512666798241487	4.6899999999999995
5.09	-0.4638700993957885	4.6899999999999995
5.09	-0.4626169255072563	4.6899999999999995
5.09	-0.461367137145829	4.6899999999999995
5.09	-0.4601207251652948	4.6899999999999995
5.09	-0.4588776804441519	4.6899999999999995
5.09	-0.4576379938855393	4.6899999999999995
5.09	-0.4564016564171727	4.6899999999999995
5.09	-0.45516865899127623	4.6899999999999995
5.09	-0.45393899258451853	4.6899999999999995
5.09	-0.4527126481979442	4.6899999999999995
5.09	-0.45148961685690914	4.6899999999999995
5.09	-0.45026988961101555	4.6899999999999995
5.09431	-0.4533518138013122	4.69431
5.11632	-0.47407759433246177	4.71632
5.13832	-0.49473740989567005	4.73832
5.16032	-0.5153414116837718	4.760319999999999
5.18232	-0.5358897504811493	4.7823199999999995
5.20433	-0.5563925496492077	4.804329999999999
5.22633	-0.5768299862473274	4.82633
5.24833	-0.5972122098409303	4.84833
5.27033	-0.6175393695913778	4.87033
5.29	-0.6354879088967982	4.89
5.28554	-0.6293231478022703	4.78554
5.27457	-0.6166826283621782	4.77457
5.26359	-0.604066285086188	4.76359
5.25262	-0.591493998629649	4.75262
5.24164	-0.5789457040015664	4.74164
5.23066	-0.5664313093709064	4.73066
5.21969	-0.5539606961390966	4.71969
5.20871	-0.5415138000592128	4.70871
5.2	-0.5313643974962652	4.7
5.2	-0.529928883568755	4.7
5.2	-0.5284972477712921	4.7
5.2	-0.527069479626868	4.7
5.2	-0.5256455686867767	4.7
5.2	-0.5242255045305413	4.7
5.2	-0.5228092767658366	4.7
5.2	-0.5213968750284126	4.7
5.2	-0.5199882889820184	4.7
5.2	-0.5185835083183283	4.7
5.2	-0.5171825227568645	4.7
5.2	-0.5157853220449224	4.7
5.2	-0.5143918959574965	4.7
5.2	-0.5130022342972032	4.7
5.2	-0.5116163268942095	4.7
5.2	-0.5102341636061558	4.7
5.2	-0.5088557343180833	4.7
5.2	-0.5074810289423581	4.7
5.2	-0.5061100374185994	4.7
5.2	-0.504742749713607	4.7
5.2	-0.5033791558212837	4.7
5.2	-0.5020192457625647	4.7
5.2	-0.5006630095853462	4.7
5.2	-0.49931043736440817	4.7
5.2	-0.49796151920134424	4.7
5.2	-0.4966162452244909	4.7
5.2	-0.49527460558885394	4.7
5.2	-0.4939365904760322	4.7
5.2	-0.4926021900941544	4.7
5.2	-0.4912713946778	4.7
5.2	-0.48994419448793014	4.7
5.2	-0.4886205798118164	4.7
5.2	-0.4873005409629716	4.7
5.20091	-0.4868916098595486	4.70091
5.21038	-0.4950206581371672	4.71038
5.21986	-0.5031377182702768	4.71986
5.22933	-0.5112228766768361	4.72933
5.23881	-0.5192961655100996	4.73881
5.24828	-0.5273376708676993	4.74828
5.25775	-0.5353574515990465	4.857749999999999
5.26723	-0.5433655393789483	4.867229999999999
5.2767	-0.5513420198278824	4.8767
5.28617	-0.5592969513193946	4.88617
5.29	-0.5616056288796818	4.89
5.28075	-0.5508634058366413	4.88075
5.26523	-0.533897142370928	4.8652299999999995
5.24972	-0.5169866873042688	4.84972
5.2342	-0.5001119438980499	4.8342
5.21868	-0.48328278865937957	4.71868
5.20316	-0.46649909842899184	4.70316
5.2	-0.46208735907255694	4.7
5.21453	-0.47532974767016345	4.71453
5.23541	-0.4948692062129201	4.73541
5.25629	-0.5143558776946566	4.75629
5.27717	-0.5337899047228989	4.77717
5.29805	-0.5531714295199075	4.79805
5.31893	-0.5725005939237215	4.81893
5.33981	-0.591777539389196	4.83981
5.36069	-0.6110024069890363	4.86069
5.38157	-0.6301753374148316	4.88157
5.39	-0.636880105426461	4.89
5.39	-0.6351595342594774	4.89
5.39	-0.63344361132238	4.89
5.39	-0.6317323240576886	4.89
5.39	-0.6300256599418459	4.89
5.39	-0.6283236064851279	4.89
5.39	-0.6266261512315525	4.89
5.39	-0.6249332817587883	4.789999999999999
5.39	-0.6232449856780642	4.789999999999999
5.39	-0.6215612506340769	4.789999999999999
5.39	-0.6198820643049023	4.789999999999999
5.39	-0.6182074144019039	4.789999999999999
5.39	-0.6165372886696456	4.789999999999999
5.39	-0.6148716748857996	4.789999999999999
5.39	-0.6132105608610567	4.789999999999999
5.39	-0.6115539344390379	4.789999999999999
5.39	-0.6099017834962055	4.789999999999999
5.39	-0.6082540959417742	4.789999999999999
5.39	-0.6066108597176241	4.789999999999999
5.39	-0.6049720627982094	4.789999999999999
5.39	-0.6033376931904728	4.789999999999999
5.39	-0.6017077389337562	4.789999999999999
5.39	-0.600082188099714	4.789999999999999
5.39	-0.5984610287922276	4.789999999999999
5.39	-0.5968442491473143	4.789999999999999
5.39	-0.5952318373330439	4.789999999999999
5.39	-0.593623781549451	4.789999999999999
5.39	-0.5920200700284486	4.789999999999999
5.39	-0.5904206910337404	4.789999999999999
5.39	-0.5888256328607371	4.789999999999999
5.39	-0.5872348838364712	4.789999999999999
5.39	-0.5856484323195099	4.789999999999999
5.39	-0.5840662666998702	4.789999999999999
5.39	-0.582488375398933	4.789999999999999
5.39	-0.5809147468693627	4.789999999999999
5.39	-0.5793453695950168	4.89
5.39	-0.5777802320908654	4.89
5.39	-0.5762193229029053	4.89
5.39	-0.5746626306080778	4.89
5.39	-0.5731101438141852	4.89
5.39	-0.5715618511598048	4.89
5.39	-0.5700177413142082	4.89
5.39	-0.5684778029772772	4.89
5.39	-0.5669420248794221	4.89
5.39	-0.5654103957814991	4.89
5.39	-0.5638829044747276	4.89
5.39	-0.5623595397806067	4.89
5.39	-0.5608402905508365	4.89
5.39	-0.559325145667235	4.89
5.39	-0.5578140940416549	4.89
5.39	-0.5563071246159055	4.89
5.39	-0.5548042263616706	4.89
5.39	-0.5533053882804273	4.89
5.39	-0.5518105994033675	4.89
5.39	-0.5503198487913128	4.89
5.39	-0.5488331255346406	4.89
5.39	-0.547350418753199	4.89
5.39	-0.5458717175962313	4.89
5.39	-0.5443970112422942	4.89
5.39	-0.5429262888991788	4.89
5.39	-0.5414595398038342	4.89
5.39	-0.5399967532222831	4.89
5.39	-0.5385379184495482	4.89
5.39	-0.537083024809573	4.89
5.39	-0.535632061655142	4.89
5.39	-0.5341850183678041	4.89
5.39	-0.5327418843577956	4.89
5.39	-0.531302649063961	4.89
5.39	-0.5298673019536766	4.89
5.39	-0.5284358325227725	4.89
5.39	-0.5270082302954568	4.89
5.39021	-0.5257939174961939	4.89021
5.4251	-0.5591691950641122	4.9251
5.45998	-0.5924443342620735	4.95998
5.49486	-0.6256295786044825	4.99486
5.52975	-0.6587351439322537	5.02975
5.56463	-0.6917412995344385	5.06463
5.59952	-0.7246682599413425	5.09952
5.6344	-0.7574962931349489	5.1344
5.66928	-0.790235639357646	5.16928
5.69	-0.8087647923223988	5.19
5.71354	-0.8300562692242348	5.21354
5.74687	-0.8610537775854787	5.14687
5.7802	-0.8919675442523589	5.180199999999999
5.81354	-0.9228077684426443	5.21354
5.84687	-0.9535547028671454	5.2468699999999995
5.8802	-0.9842185725383397	5.280200000000001
5.91354	-1.014809574845195	5.31354
5.94687	-1.0453079606746654	5.346869999999999
5.9802	-1.0757239532202973	5.3802
5.99	-1.0825913428293186	5.390000000000001
5.99	-1.0796666550674807	5.09
5.99	-1.0767498685313095	5.09
5.99	-1.0738409618751525	5.09
5.99	-1.0709399138110243	5.09
5.99	-1.0680467031084504	5.09
5.99	-1.0651613085943126	5.09
5.99	-1.062283709152692	5.09
5.99	-1.0594138837247158	5.09
5.99	-1.0565518113084034	5.09
5.99	-1.0536974709585119	4.99
5.99175	-1.0525961140526743	4.99175
6.00068	-1.058658335314922	5.00068
6.00961	-1.0647041791098522	5.00961
6.01854	-1.0707336896822097	5.01854
6.02747	-1.0767469111572119	5.02747
6.03639	-1.082733914556485	5.03639
6.04532	-1.0887147166785498	5.04532
6.05425	-1.0946793612921617	5.05425
6.06318	-1.100627892047835	5.06318
6.07211	-1.106560352478156	5.07211
6.08104	-1.1124767859981075	5.08104
6.08997	-1.1183772359053838	5.08997
6.0918	-1.1171809264717503	5.0918
6.11049	-1.132802300605043	5.11049
6.12918	-1.1483814726257346	5.12918
6.14787	-1.1639185565454548	5.14787
6.16656	-1.1794136660678207	5.16656
6.18525	-1.1948669145892774	5.18525
6.20395	-1.2102883881842947	5.103949999999999
6.22264	-1.225658226726055	5.1226400000000005
6.24133	-1.2409865426942392	5.14133
6.26002	-1.2562734482646611	5.160019999999999
6.27871	-1.2715190553100815	5.178710000000001
6.29	-1.279343466960709	5.1899999999999995
6.33488	-1.3206459950056528	5.23488
6.38496	-1.3670228935824067	5.28496
6.43505	-1.4132844750711593	5.335050000000001
6.48513	-1.4594111050394316	5.28513
6.53521	-1.505413121051518	5.33521
6.5853	-1.5513008327441398	5.3853
6.59	-1.551797199837707	5.39
6.60075	-1.5583258815139187	5.4007499999999995
6.65293	-1.6061549998324507	5.452929999999999
6.7051	-1.6538449318323831	5.5051
6.75728	-1.7014159995029594	5.5572799999999996
6.80945	-1.7488485779947913	5.60945
6.86162	-1.7961530144293762	5.66162
6.9138	-1.8433396279748209	5.3138000000000005
6.96597	-1.8903887909682222	5.365970000000001
7.01814	-1.937310847725163	5.418139999999999
7.07032	-1.9841161146154151	5.470319999999999
7.12249	-2.0307849611853026	5.5224899999999995
7.17467	-2.077337701951551	5.574669999999999
7.19	-2.0870142301608983	5.59
7.23824	-2.1294857082188665	5.63824
7.33355	-2.218785284411659	5.733549999999999
7.42886	-2.307843612252193	5.42886
7.52418	-2.396671316472255	5.52418
7.61949	-2.4852490741471236	5.61949
7.7148	-2.5735875335072977	5.7148
7.8	-2.651604653825059	5.8
7.80627	-2.650694240343989	5.80627
7.8217	-2.658921540092484	5.8217
7.83714	-2.667136586264018	5.83714
7.85257	-2.675319465993633	5.85257
7.86801	-2.683490212149727	5.86801
7.88344	-2.6916289115431455	5.283440000000001
7.89888	-2.6997555967189655	5.2988800000000005
7.91431	-2.7078503541655854	5.314310000000001
7.92974	-2.715923243122127	5.329739999999999
7.94518	-2.7239842956520537	5.345179999999999
7.96061	-2.7320135977634505	5.360609999999999
7.97605	-2.740031181200801	5.376049999999999
7.99	-2.746541129966011	5.390000000000001
7.99	-2.739121178491798	5.390000000000001
8.09123	-2.832677793344132	5.391229999999999
8.26104	-2.9943763860597246	5.561039999999999
8.43085	-3.155638139982587	5.730849999999999
8.60066	-3.316464235259854	5.900659999999999
8.77047	-3.476855848850419	6.070469999999999
8.89	-3.586669989076878	6.19
8.99011	-3.6768199239183446	6.290109999999999
9.15806	-3.834383039136708	6.458060000000001
9.32601	-3.9915204878116883	6.62601
9.49396	-4.148233419907897	5.9939599999999995
9.66191	-4.304522982283243	6.161910000000001
9.82986	-4.460390318697323	6.32986
9.99781	-4.615836569819802	6.497809999999999
10.1658	-4.770902765176269	6.665800000000001
10.2	-4.792121481569328	6.699999999999999
10.2	-4.779175267706433	6.699999999999999
10.2881	-4.854126021221833	6.7881
10.4147	-4.967270280479195	6.9147
10.5413	-5.080108873491796	7.0413
10.6679	-5.192642626035987	5.267899999999999
10.7944	-5.304772631813439	5.394399999999999
10.921	-5.416699441258698	5.520999999999999
11.0476	-5.528323873475491	5.647599999999999
11.1742	-5.639646745354686	5.7742
11.2	-5.650141189041829	5.799999999999999
11.2	-5.634876981640114	5.799999999999999
11.2	-5.619654011442888	5.799999999999999
11.2	-5.604472167045282	5.799999999999999
11.2	-5.589331337343392	6.199999999999999
11.2	-5.574231411533471	6.199999999999999
11.2	-5.559172279111112	6.199999999999999
11.2	-5.544153829870448	6.199999999999999
11.2	-5.529175953903334	6.199999999999999
11.2	-5.514238541598551	6.199999999999999
11.2	-5.499341483641002	6.199999999999999
11.2	-5.484484671010912	6.199999999999999
11.1798	-5.449522566537826	6.1798
11.1398	-5.3949084052917256	6.139799999999999
11.0998	-5.340441787594794	6.0998
11.0598	-5.286122314848965	6.059799999999999
11.0198	-5.231949589533017	6.0198
10.9798	-5.177923215199648	5.979799999999999
10.9398	-5.124042796472592	5.9398
10.8998	-5.070307939043709	5.899800000000001
10.8598	-5.0167182496701095	5.8598
10.8198	-4.9632733361712775	5.819800000000001
10.7999	-4.9300185060276025	5.799899999999999
10.778	-4.894858918997549	5.7780000000000005
10.7562	-4.859894047619711	5.7562
10.7343	-4.824923906170087	5.734299999999999
10.7125	-4.790147968573677	5.7125
10.6907	-4.75546598033292	5.6907
10.6688	-4.720777957794007	5.668799999999999
10.647	-4.686283376946548	5.647
10.6252	-4.651881985352007	5.6251999999999995
10.61	-4.624155700943844	5.909999999999999
10.61	-4.611663257071128	5.909999999999999
10.61	-4.599204562311548	5.909999999999999
10.61	-4.58677952548978	5.909999999999999
10.61	-4.574388055676812	5.909999999999999
10.61	-4.562030062189287	5.909999999999999
10.61	-4.549705454588831	5.909999999999999
10.61	-4.5374141426813965	5.909999999999999
10.61	-4.5251560365166	5.909999999999999
10.61	-4.512931046387067	5.909999999999999
10.61	-4.500739082827769	6.209999999999999
10.61	-4.488580056615375	6.209999999999999
10.61	-4.476453878767597	6.209999999999999
10.61	-4.464360460542537	6.209999999999999
10.6002	-4.442526188746803	6.200199999999999
10.5883	-4.418656576873093	6.1883
10.5763	-4.39475172039482	6.1762999999999995
10.5644	-4.37101117421505	6.164399999999999
10.5524	-4.34723503475173	6.1524
10.5405	-4.3236228578499	6.440499999999999
10.5285	-4.29997474086694	6.428499999999999
10.5165	-4.276390510741002	6.4165
10.5046	-4.252969724721558	6.404599999999999
10.5	-4.236892490006948	6.3999999999999995
10.5627	-4.287976873810027	6.462699999999999
10.6502	-4.3636562512364225	6.550199999999999
10.7377	-4.4391311761235945	6.6377
10.8252	-4.514402200812778	6.7252
10.9127	-4.589469876153023	6.712699999999999
10.99	-4.654162307438843	6.79
11.0139	-4.6654242315200705	6.813899999999999
11.0526	-4.69141574769446	6.8526
11.0914	-4.717436776017133	6.8914
11.1302	-4.7433875069154	6.9302
11.1689	-4.769168400458331	6.9689000000000005
11.2077	-4.794979375159667	7.007700000000001
11.2464	-4.8206208900657135	7.046399999999999
11.2852	-4.846292862670213	7.0851999999999995
11.324	-4.87189548084601	6.624
11.3627	-4.8973292021146175	6.6627
11.4015	-4.922793942449095	6.7015
11.4402	-4.948090158361934	6.740200000000001
11.479	-4.973417764819902	6.778999999999999
11.49	-4.970952050602609	6.79
11.49	-4.957522714848745	6.79
11.49	-4.944129659279634	6.79
11.49	-4.930772785882102	6.79
11.5494	-4.976691524117913	6.6494
11.6923	-5.105760629593054	6.792299999999999
11.8352	-5.2344810468621485	6.9352
11.89	-5.274991725550701	6.99
11.8736	-5.244385313347157	6.973599999999999
11.8343	-5.191023452039933	6.9343
11.7949	-5.13770602127201	6.8949
11.7556	-5.084632360699104	6.855599999999999
11.7162	-5.031602352073318	6.8162
11.6769	-4.978815337153778	6.6769
11.6375	-4.926071199790316	6.637499999999999
11.5981	-4.873469553990342	6.5981000000000005
11.5588	-4.821109744647829	6.5588
11.5194	-4.768791658738991	6.519399999999999
11.5	-4.736560882146795	6.5
11.5073	-4.731045047291127	6.507300000000001
11.5175	-4.7284362792758134	6.5175
11.5277	-4.725834559009346	6.527699999999999
11.538	-4.723339597295583	6.938
11.5482	-4.720751646032084	6.948199999999999
11.5584	-4.718170686279685	6.9584
11.5686	-4.715596699150383	6.9685999999999995
11.5788	-4.713029665807202	6.978799999999999
11.589	-4.71046956746406	6.989
11.5902	-4.69894069944469	6.990199999999999
11.6308	-4.726736535830957	7.0308
11.6713	-4.754357550194795	7.0713
11.7119	-4.782003674516336	7.0119
11.7524	-4.809475381271891	7.0524
11.793	-4.836972601348927	7.092999999999999
11.8335	-4.864295806134048	7.133500000000001
11.874	-4.891545195584157	7.174
11.89	-4.894287157387877	7.19
11.9031	-4.894129546141602	7.2031
11.9354	-4.91312049069922	7.235399999999999
11.9676	-4.931960400196634	7.267599999999999
11.9999	-4.95084914235202	7.2999
12.0321	-4.969587125553339	7.232099999999999
12.0644	-4.988374216772848	7.264399999999998
12.0966	-5.007010823654612	7.2966
12.1289	-5.025696812428989	7.328899999999999
12.1612	-5.044332319843941	7.361199999999998
12.19	-5.059426937745416	7.389999999999999
12.1941	-5.049847505183304	7.3941
12.2325	-5.074501288472646	7.432499999999999
12.271	-5.099188197878761	7.471
12.3095	-5.123808414065595	7.3095
12.3479	-5.148262387365236	7.347899999999999
12.3864	-5.172750026580747	7.3864
12.4249	-5.197171510917776	7.424899999999999
12.4633	-5.22142728925405	7.4633
12.5018	-5.245717268942198	7.501799999999999
12.5402	-5.26984189789757	7.5402000000000005
12.5787	-5.294001082513014	7.5786999999999995
12.59	-5.290968482080112	7.59
12.6277	-5.314272753165728	7.627700000000001
12.6744	-5.3464897522563035	7.6744
12.7211	-5.378619715122557	7.7211
12.7679	-5.410762606742044	7.767899999999999
12.8146	-5.44271893249936	7.8146
12.8613	-5.474588926257554	7.8613
12.908	-5.506372821247887	7.9079999999999995
12.9548	-5.538170579915319	7.9548000000000005
13.0015	-5.569782705118686	8.0015
13.0482	-5.601309428202111	8.0482
13.09	-5.627864217539109	8.09
13.1004	-5.6230320965136915	8.1004
13.1988	-5.705975292296942	8.1988
13.2972	-5.7886944118844585	8.2972
13.3955	-5.871090330788216	8.3955
13.4939	-5.9533633818425145	8.4939
13.5922	-6.035314437294906	8.5922
13.69	-6.116545447661356	8.69
13.7277	-6.137619371290672	8.7277
13.8205	-6.213587506333474	8.1205
13.9132	-6.28925067889663	8.2132
14.006	-6.364809172542794	8.306000000000001
14.0988	-6.440163540224778	8.398800000000001
14.1916	-6.51531433340155	8.491599999999998
14.2844	-6.590262102042286	8.584399999999999
14.3772	-6.665007394630379	8.6772
14.4699	-6.739451028323677	8.7699
14.5627	-6.813793277759994	8.8627
14.5961	-6.828695159781268	9.5961
14.6159	-6.82999352468739	9.6159
14.6357	-6.831288381980066	9.6357
14.6555	-6.83257974113533	9.6555
14.6753	-6.833867611603619	9.6753
14.6951	-6.835152002809837	9.6951
14.7149	-6.836432924153427	9.7149
14.7347	-6.837710385008437	9.7347
14.7545	-6.838984394723594	9.7545
14.7743	-6.840254962622366	9.7743
14.79	-6.837433174407718	9.79
14.7902	-6.819160883642061	9.7902
14.8202	-6.830657450053819	9.8202
14.8502	-6.8421229577772635	9.8502
14.8802	-6.853557490719371	9.8802
14.9102	-6.8649611325604365	9.9102
14.9402	-6.876333966754691	9.9402
14.9702	-6.8876760765309015	9.9702
15.0002	-6.898987544892995	10.0002
15.0302	-6.910268454620654	10.0302
15.0602	-6.921518888269928	10.0602
15.09	-6.93253946848626	10.09
15.09	-6.913810782471693	10.09
15.1287	-6.9337281427118	10.1287
15.1835	-6.969648199815866	10.1835
15.2383	-7.0054712166543585	10.2383
15.2931	-7.041197455387582	10.2931
15.3479	-7.076827177467598	10.3479
15.4027	-7.112360643640143	10.4027
15.4575	-7.14779811394653	10.4575
15.49	-7.1609000925608015	10.49
15.49	-7.141554476134827	10.49
15.49	-7.122261123093352	10.49
15.49	-7.103019892243596	10.49
15.49	-7.08383064277422	10.49
15.49	-7.064693234254298	10.49
15.49	-7.045607526632285	10.49
15.49	-7.026573380234991	10.49
15.49	-7.007590655766567	10.49
15.49	-6.988659214307477	10.49
15.49	-6.969778917313485	10.49
15.49	-6.950949626614644	10.49
15.49	-6.932171204414276	10.49
15.49	-6.913443513287975	10.49
15.49	-6.894766416182591	10.49
15.49	-6.8761397764152346	10.49
15.49	-6.857563457672271	10.49
15.49	-6.839037324008329	10.49
15.49	-6.820561239845301	10.59
15.49	-6.802135069971349	10.59
15.49	-6.783758679539922	10.59
15.4849	-6.7603457120355674	10.5849
15.4686	-6.725826253613041	10.5686
15.4524	-6.691499781495535	10.5524
15.4362	-6.65726604447477	10.5362
15.42	-6.623124792021123	10.52
15.4037	-6.588976044438002	10.5037
15.3875	-6.555019281661542	10.3875
15.3713	-6.521154255189073	10.3713
15.3551	-6.48738071718927	10.3551
15.3388	-6.4535986906565554	10.3388
15.3226	-6.420007658210801	10.3226
15.3064	-6.386507374025834	10.3064
15.3	-6.362871117630824	10.3
15.2823	-6.328029243702659	10.2823
15.2603	-6.288993113978355	10.2603
15.2383	-6.250062442783374	10.2383
15.2163	-6.211236945214949	10.2163
15.1944	-6.1726160669837835	10.1944
15.1724	-6.1339997956104515	10.1724
15.1504	-6.095487848493027	10.1504
15.1284	-6.0570799437930525	10.1284
15.1065	-6.018875530277265	10.1065
15.1	-5.9961327243011695	10.1
15.0576	-5.9376483455082365	10.0576
15.0049	-5.869049791987408	10.0049
14.9523	-5.800736291563959	9.9523
14.8997	-5.73260734430545	9.8997
14.847	-5.664562721786256	9.847
14.8	-5.602386527137567	9.8
14.8	-5.587251331921443	9.8
14.8	-5.572157025375377	9.8
14.8	-5.557103497036083	9.8
14.8	-5.542090636738703	9.8
14.7367	-5.4639893434981115	9.7367
14.5298	-5.242886990073007	9.5298
14.3229	-5.0223819583902785	9.3229
14.116	-4.802472634748128	9.116
13.9091	-4.583157409804285	8.9091
13.7022	-4.364434678564205	8.7022
13.6	-4.2507199868155165	8.6
13.5828	-4.222082869590308	8.5828
13.5584	-4.186342568563438	8.5584
13.534	-4.150698822179933	8.534
13.5096	-4.115151369591429	9.3096
13.4852	-4.079699950654252	9.2852
13.4608	-4.044344305927531	9.2608
13.4364	-4.009084176671287	9.2364
13.412	-3.973919304844543	9.212
13.4	-3.951215933733165	9.2
13.4	-3.9405414784437234	9.2
13.4336	-3.9634050883711396	9.2336
13.4811	-4.000069379122628	9.281099999999999
13.5287	-4.036734348858904	9.6287
13.5763	-4.073300265901853	9.6763
13.6238	-4.109667668004695	9.723799999999999
13.6714	-4.146036551155451	9.7714
13.7189	-4.182207451665395	9.8189
13.7665	-4.218380364084512	9.8665
13.79	-4.230420660780771	9.889999999999999
13.6662	-4.0955263699676685	9.7662
13.5126	-3.9312770110117956	9.6126
13.359	-3.7674713819020997	9.459
13.2054	-3.6041082838748384	9.005399999999998
13.0517	-3.441086791561018	8.851700000000001
12.8981	-3.278605441779156	8.6981
12.7445	-3.1165630454568642	8.5445
12.5909	-2.954958416734101	8.390899999999998
12.4373	-2.793790372954506	8.237300000000001
12.3	-2.649313699194197	8.100000000000001
12.2284	-2.570749845511557	8.028400000000001
12.087	-2.4227868059958126	7.887
11.9456	-2.275223497822596	9.2456
11.8042	-2.12805884109285	9.104199999999999
11.6628	-1.9812917588249412	8.962800000000001
11.5214	-1.8349211769467608	8.8214
11.3799	-1.6888462944440903	8.6799
11.2385	-1.5432657721542729	8.538499999999999
11.0971	-1.3980785446886959	8.397099999999998
10.9557	-1.2532835495369614	8.255700000000001
10.9	-1.194348203185534	8.2
10.9	-1.1911215973232512	8.2
10.9	-1.1879037083371387	9.5
10.9	-1.1846945126780124	9.5
10.8617	-1.1432974566894565	9.4617
10.7367	-1.0155464628548785	9.3367
10.6117	-0.8881405962658739	9.2117
10.4867	-0.7610789245397473	9.0867
10.3617	-0.6343605178126968	8.9617
10.3	-0.5711134398508886	8.9
10.3	-0.5695705414162973	8.9
10.1812	-0.44955275679737383	9.2812
10.05	-0.3174927070492224	9.15
9.91887	-0.18585923661951576	9.01887
9.78772	-0.054561436218321546	8.88772
9.65658	0.0763716820346616	8.75658
9.52543	0.20696104931966453	8.62543
9.39428	0.33719762131690345	8.49428
9.26313	0.4670823511247626	8.36313
9.13199	0.5966062162823942	8.23199
9.00084	0.7257901376568263	9.10084
8.86969	0.8546250606429258	8.96969
8.73854	0.9831119280815166	8.83854
8.7	1.0188918719340982	8.799999999999999
8.63338	1.0825792941814623	8.73338
8.55074	1.1620713818763058	8.650739999999999
8.46809	1.24135868974267	8.56809
8.38545	1.3204218250372293	8.48545
8.3028	1.3992813393448724	8.4028
8.22016	1.4779178367915797	8.32016
8.13751	1.556351865840016	9.23751
8.05487	1.6345640275023783	9.154869999999999
7.97222	1.7125748671359489	9.07222
7.88958	1.7903649826559382	8.98958
7.80693	1.8679549163310059	8.906930000000001
7.72429	1.9453252629960858	8.82429
7.7	1.964294225013128	8.8
7.7	1.9589875621448192	8.8
7.58636	2.06702823003672	8.68636
7.4	2.247300561755692	9.3
7.4	2.2412293396886813	9.3
7.4	2.2351745194052235	9.3
7.4	2.2291360565948786	9.3
7.4	2.2231139070669155	9.3
7.4	2.217108026749992	9.3
7.4	2.211118371691823	9.3
7.4	2.2051448980588635	9.3
7.4	2.199187562135986	9.3
7.4	2.1932463203261676	9.700000000000001
7.4	2.1873211291501597	9.700000000000001
7.4	2.1814119452461807	9.700000000000001
7.4	2.1755187253695887	9.700000000000001
7.4	2.1696414263925714	9.700000000000001
7.4	2.163780005303831	9.700000000000001
7.4	2.1579344192082655	9.700000000000001
7.4	2.1521046253266576	9.700000000000001
7.4	2.1462905809953607	9.700000000000001
7.4	2.1404922436659852	9.700000000000001
7.4	2.1347095709050894	9.600000000000001
7.4	2.1289425203938706	9.600000000000001
7.4	2.123191049927849	9.600000000000001
7.4	2.117455117416567	9.600000000000001
7.4	2.1117346808832718	9.600000000000001
7.4	2.106029698464619	9.600000000000001
7.4	2.1003401284103553	9.600000000000001
7.4	2.094665929083023	9.600000000000001
7.4	2.0890070589576464	9.600000000000001
7.4	2.083363476621436	9.5
7.4	2.0777351407734788	9.5
7.4	2.0721220102244384	9.5
7.4	2.0665240438962584	9.5
7.4	2.0609412008218513	9.5
7.37704	2.078271412278565	9.47704
7.31907	2.130470223402721	9.41907
7.2611	2.182528016196101	9.3611
7.20312	2.2344551446128644	9.30312
7.14515	2.2862320156821854	9.24515
7.08718	2.337869008318	9.18718
7.02921	2.3893665004105857	9.12921
7.0	2.4120425657558595	9.1
7.0	2.405526282931481	9.1
7.0	2.3990276042499374	9.1
7.0	2.3925464821525413	9.1
6.99377	2.39229603847709	9.09377
6.96203	2.4174873545411373	9.06203
6.93028	2.442620587684365	9.03028
6.89854	2.4676759488526328	9.29854
6.86679	2.4926735943906753	9.26679
6.83504	2.517603707236476	9.235040000000001
6.8033	2.542456496849418	9.2033
6.8	2.5388789775340532	9.2
6.8	2.532020038264341	9.2
6.8	2.5251796288451347	9.2
6.8	2.5183576992168932	9.2
6.8	2.5115541994553103	9.2
6.8	2.5047690797709583	9.4
6.8	2.498002290508917	9.4
6.8	2.4912537821484095	9.4
6.8	2.484523505302449	9.4
6.8	2.4778114107174636	9.4
6.8	2.4711174492729464	9.4
6.8	2.4644415719810917	9.4
6.8	2.4577837299864376	9.4
6.8	2.451143874565509	9.4
6.8	2.444521957126459	9.6
6.8	2.4379179292087167	9.6
6.8	2.4313317424826257	9.6
6.8	2.424763348749102	9.6
6.8	2.4182126999392706	9.6
6.8	2.411679748114115	9.6
6.8	2.405164445464133	9.6
6.8	2.3986667443089837	9.6
6.8	2.392186597097134	9.6
6.83841	2.3474177234064957	9.63841
6.8808	2.2988005478263487	9.2808
6.92319	2.250314714566068	9.32319
6.96558	2.2019598687962167	9.365580000000001
7.00798	2.153725683661577	9.40798
7.05037	2.105631779158702	9.45037
7.09276	2.0576678033263747	9.49276
7.13515	2.0098334051542173	9.535150000000002
7.17754	1.9621282345801356	9.577539999999999
7.19	1.9444010847335287	9.59
7.19	1.9391481644194224	9.290000000000001
7.19	1.9339094351958481	9.290000000000001
7.19	1.9286848587246945	9.290000000000001
7.19	1.9234743967714225	9.290000000000001
7.19	1.9182780112047846	9.290000000000001
7.19	1.9130956639965477	9.290000000000001
7.19	1.9079273172212146	9.290000000000001
7.19	1.9027729330557444	9.290000000000001
7.19	1.8976324737792813	9.290000000000001
7.19	1.8925059017728723	9.190000000000001
7.19	1.8873931795191963	9.190000000000001
7.19	1.8822942696022826	9.190000000000001
7.19	1.8772091347072495	9.190000000000001
7.19	1.8721377376200161	9.190000000000001
7.19	1.8670800412270419	9.190000000000001
7.19	1.8620360085150507	9.190000000000001
7.19	1.8570056025707595	9.190000000000001
7.19	1.85198878658061	9.190000000000001
7.19	1.8469855238304964	9.190000000000001
7.15528	1.8766219794687364	8.95528
7.098	1.9286774231396935	8.898
7.04072	1.980592235795955	8.840720000000001
6.98344	2.032366797360945	8.78344
6.92616	2.0840014867316965	8.72616
6.86887	2.1355066547660124	8.66887
6.81159	2.18686270540507	8.61159
6.75431	2.2380800144831525	8.554310000000001
6.69703	2.2891589568192074	8.49703
6.63975	2.340099906219584	8.73975
6.6	2.3734205938647115	8.7
6.59207	2.374917227308943	8.69207
6.58083	2.379710875334344	8.68083
6.56959	2.3844915730218297	8.66959
6.55836	2.38924938237316	8.65836
6.54712	2.3940043111913596	8.64712
6.53589	2.398736421289607	8.63589
6.52465	2.4034657202828518	8.62465
6.51341	2.4081822427810877	8.91341
6.50218	2.4128760503164317	8.902180000000001
6.5	2.4085316263763197	8.9
6.48996	2.4120377048890997	8.88996
6.45718	2.438212877990405	8.85718
6.42439	2.4643273102199865	8.824390000000001
6.3916	2.4903711926887038	8.7916
6.35882	2.516334743006743	8.75882
6.32603	2.542238124165153	8.726030000000002
6.3	2.561329788290201	8.7
6.29549	2.5589080127154604	8.69549
6.28438	2.5630749494078904	8.68438
6.27327	2.5672306288619993	8.67327
6.26215	2.571385054474298	8.66215
6.25104	2.5755182836633583	8.65104
6.23993	2.579640346677013	8.63993
6.22882	2.58375127368138	8.628820000000001
6.21771	2.5878510947610778	8.61771
6.2066	2.591939839919453	8.6066
6.2	2.591519723123951	8.8
6.2	2.584518571610052	8.8
6.2	2.577536334141871	8.8
6.2	2.5705729596219387	8.8
6.2	2.5636283970908265	8.8
6.2	2.5567025957267804	8.8
6.2	2.549795504845341	8.8
6.2	2.542907073898978	8.8
6.2	2.5360372524767163	8.8
6.2	2.5291859903037723	9.100000000000001
6.2	2.5223532372411794	9.100000000000001
6.2	2.515538943285427	9.100000000000001
6.2	2.5087430585680908	9.100000000000001
6.2	2.5019655333554693	9.100000000000001
6.2	2.495206318048223	9.100000000000001
6.2	2.4884653631810023	9.100000000000001
6.2	2.4817426194220955	9.100000000000001
6.2	2.47503803757306	9.100000000000001
6.2	2.4683515685683703	8.7
6.2	2.461683163475052	8.7
6.2	2.4550327734923263	8.7
6.2	2.4484003499512523	8.7
6.2	2.4417858443143716	8.7
6.2	2.4351892081753546	8.7
6.2	2.4286103932586416	8.7
6.2	2.4220493514190933	8.7
6.2	2.4155060346416386	8.7
6.2	2.4089803950409214	8.600000000000001
6.2	2.402472384860947	8.600000000000001
6.2	2.3959819564747447	8.600000000000001
6.2	2.389509062384005	8.600000000000001
6.2	2.383053655218739	8.600000000000001
6.2	2.3766156877369324	8.600000000000001
6.2	2.370195112824196	8.600000000000001
6.2	2.363791883493424	8.600000000000001
6.2	2.3574059528844495	8.600000000000001
6.2	2.3510372742637005	8.5
6.2	2.344685801023858	8.5
6.2	2.3383514866835204	8.5
6.2	2.332034284886851	8.5
6.2	2.325734149403252	8.5
6.2	2.3194510341270176	8.5
6.2	2.3131848930770014	8.5
6.2	2.306935680396278	8.5
6.2	2.300703350351804	8.5
6.2	2.294487857334091	8.5
6.2	2.288289155856863	8.600000000000001
6.2	2.2821072005567293	8.600000000000001
6.2	2.2759419461928543	8.600000000000001
6.2	2.2697933476466217	8.600000000000001
6.2	2.263661359921305	8.600000000000001
6.2	2.257545938141738	8.600000000000001
6.2	2.2514470375539917	8.600000000000001
6.2	2.24536461352504	8.600000000000001
6.2	2.239298621542434	8.600000000000001
6.2	2.233249017213981	8.5
6.2	2.227215756267415	8.5
6.2	2.221198794550074	8.5
6.2	2.215198088028578	8.5
6.2	2.2092135927885073	8.5
6.2	2.2032452650340764	8.5
6.2	2.1972930610878185	8.5
6.2	2.191356937390265	8.5
6.2	2.1854368504996247	8.5
6.2	2.1795327570914678	8.4
6.2	2.173644613958408	8.4
6.2	2.1677723780097855	8.4
6.2	2.161916006271354	8.4
6.2	2.156075455884964	8.4
6.2	2.1502506841082516	8.4
6.2	2.144441648314321	8.4
6.2	2.1386483059914374	8.4
6.2	2.1328706147427132	8.4
6.2	2.127108532285802	8.4
6.2	2.12136201645258	8.3
6.2	2.115631025188848	8.3
6.2	2.1099155165540155	8.3
6.2	2.104215448720802	8.3
6.2	2.0985307799749195	8.3
6.2	2.092861468714779	8.3
6.2	2.087207473451177	8.3
6.2	2.081568752806999	8.3
6.2	2.0759452655169115	8.3
6.2	2.0703369704270616	8.2
6.2	2.0647438264947775	8.2
6.2	2.0591657927882663	8.2
6.2	2.0536028284863113	8.2
6.2	2.0480548928779827	8.2
6.2	2.0425219453623322	8.2
6.2	2.0370039454480944	8.2
6.2	2.0315008527533953	8.2
6.2	2.026012627005456	8.2
6.2	2.0205392280402963	8.2
6.2	2.015080615802442	8.2
6.2	2.0096367503446304	8.2
6.2	2.0042075918275186	8.2
6.2	1.9987931005193937	8.2
6.2	1.9933932367958773	8.2
6.2	1.9880079611396448	8.2
6.2	1.9826372341401237	8.2
6.2	1.9772810164932144	8.2
6.2	1.9719392690009991	8.2
6.2	1.9666119525714576	8.2
6.2	1.9612990282181757	8.2
6.2	1.9560004570600666	8.2
6.2	1.9507162003210814	8.2
6.2	1.945446219329928	8.2
6.2	1.9401904755197856	8.2
6.2	1.9349489304280256	8.2
6.2	1.929721545695931	8.2
6.2	1.9245082830684064	8.2
6.2	1.9193091043937125	8.2
6.2	1.914123971623174	8.2
6.2	1.9089528468109096	8.2
6.2	1.9037956921135502	8.2
6.2	1.8986524697899592	8.2
6.2	1.8935231422009666	8.2
6.2	1.8884076718090848	8.2
6.2	1.8833060211782326	8.2
6.2	1.8782181529734663	8.2
6.2	1.8731440299607085	8.1
6.2	1.8680836150064666	8.1
6.2	1.8630368710775693	8.1
6.19369	1.8642967143839257	8.09369
6.17307	1.8798244947914098	8.07307
6.15245	1.895310325935558	8.05245
6.13183	1.9107543211449114	8.03183
6.11121	1.9261565934418456	8.01121
6.0906	1.9415072825590194	7.990600000000001
6.06998	1.9568264738203576	7.9699800000000005
6.04936	1.9721042793348946	7.94936
6.02874	1.9873408109087967	7.92874
6.00812	2.002536180046178	7.90812
6.0	2.005224267476402	7.9
6.036	1.9639042857921307	7.936
6.07572	1.9189859824162054	7.97572
6.11545	1.8741790556427382	8.01545
6.15517	1.8295031505496775	8.05517
6.1949	1.7849379672050567	8.094899999999999
6.23463	1.7404931794715734	8.23463
6.27435	1.6961784350773845	8.27435
6.29	1.6759883831177538	8.29
6.29	1.6714605963905145	8.29
6.29	1.6669450417603784	8.29
6.29	1.6624416861815758	8.29
6.29	1.6579504966976133	8.29
6.29	1.6534714404410282	8.29
6.29	1.6490044846331529	8.29
6.29	1.6445495965838752	8.29
6.29	1.6401067436913932	7.99
6.29	1.6356758934419853	7.99
6.29	1.6312570134097646	7.99
6.29	1.6268500712564462	7.99
6.29	1.6224550347311082	7.99
6.29	1.618071871669958	7.99
6.29	1.6137005499960937	7.99
6.29	1.6093410377192727	7.99
6.29	1.6049933029356742	7.99
6.29	1.6006573138276696	7.99
6.29	1.5963330386635857	7.99
6.29	1.592020445797477	7.99
6.29	1.5877195036688887	7.99
6.29	1.5834301808026296	7.99
6.29	1.5791524458085409	7.99
6.29	1.5748862673812658	7.99
6.29	1.570631614300022	7.99
6.29	1.5663884554283705	7.99
6.29	1.5621567597139903	7.79
6.29	1.55793649618845	7.79
6.29	1.5537276339669814	7.79
6.29	1.549530142248254	7.79
6.29	1.5453439903141462	7.79
6.29	1.5411691475295273	7.79
6.29	1.5370055833420269	7.79
6.29	1.5328532672818147	7.79
6.30083	1.5179114268791212	7.80083
6.33742	1.4773195450266217	7.83742
6.374	1.436847297648841	7.874
6.41059	1.3964744155770559	7.91059
6.44717	1.3562205763384787	7.94717
6.48376	1.3160655123627425	7.98376
6.52035	1.2760189297867193	8.02035
6.55693	1.2360905085255443	8.056930000000001
6.59	1.1997704738916726	8.09
6.59	1.1965292194282524	8.09
6.59	1.1932967214151082	8.09
6.59	1.1900729561961443	7.89
6.59	1.1868579001791755	7.89
6.59	1.1836515298357515	7.89
6.59	1.1804538217009863	7.89
6.59	1.1772647523733841	7.89
6.59	1.1740842985146722	7.89
6.59	1.1709124368496244	7.89
6.59	1.1677491441658967	7.89
6.59	1.1645943973138548	7.89
6.57973	1.1716904281634433	7.57973
6.56498	1.1832351856466028	7.56498
6.55022	1.194758727234655	7.55022
6.53547	1.2062411642749016	7.53547
6.52071	1.2177025537825878	7.52071
6.50596	1.2291230066501742	7.50596
6.5	1.2317463531859376	7.5
6.5	1.2284187138983027	7.5
6.5	1.2251000644349128	7.5
6.5	1.2217903805091987	7.7
6.5	1.2184896379002028	7.7
6.5	1.215197812452403	7.7
6.5	1.2119148800755344	7.7
6.5	1.2086408167444134	7.7
6.5	1.2053755984987617	7.7
6.5	1.2021192014430326	7.7
6.5	1.1988716017462329	7.7
6.5	1.1956327756417506	7.7
6.5	1.1924026994271806	7.7
6.5	1.1891813494641532	7.7
6.5	1.1859687021781573	7.7
6.5	1.1827647340583693	7.7
6.5	1.179569421657484	7.7
6.5	1.1763827415915378	7.7
6.5	1.173204670539743	7.7
6.5	1.1700351852443118	7.7
6.5	1.1668742625102908	7.7
6.5	1.1637218792053874	7.7
6.5	1.1605780122598048	7.7
6.5	1.1574426386660681	7.7
6.5	1.1543157354788605	7.7
6.5	1.151197279814852	7.7
6.5	1.1480872488525344	7.7
6.5	1.1449856198320534	7.7
6.5	1.1418923700550403	7.7
6.5	1.1388074768844483	7.7
6.5	1.1357309177443868	7.7
6.5	1.1326626701199531	7.6
6.5	1.129602711557073	7.6
6.5	1.1265510196623314	7.6
6.5	1.1235075721028105	7.6
6.51753	1.1029897049898674	7.61753
6.5371	1.080492779356196	7.6371
6.55666	1.0580666035489825	7.6566600000000005
6.57623	1.0356910404644184	7.67623
6.59	1.01916025729318	7.6899999999999995
6.59	1.0164069325491756	7.6899999999999995
6.59	1.0136610460830004	7.6899999999999995
6.59	1.0109225777996844	7.6899999999999995
6.59	1.0081915076585455	7.6899999999999995
6.59	1.0054678156730432	7.6899999999999995
6.59	1.0027514819106322	7.6899999999999995
6.59	1.0000424864926156	7.6899999999999995
6.59	0.9973408095940002	7.6899999999999995
6.59	0.9946464314433516	7.6899999999999995
6.59	0.9919593323226481	7.6899999999999995
6.59598	0.9833156479086078	7.59598
6.61618	0.960513731158275	7.61618
6.63639	0.93776344221809	7.63639
6.65659	0.9150845875810747	7.65659
6.67679	0.8924670012786429	7.67679
6.69699	0.869910517790581	7.69699
6.71719	0.8474149720438433	7.71719
6.7374	0.8249702264269567	7.7374
6.7576	0.8025960896689703	7.7576
6.7778	0.7802823980312885	7.6778
6.79	0.7660073757207142	7.69
6.79	0.7639379592118098	7.69
6.79	0.7618741333601537	7.69
6.79	0.7598158830622381	7.69
6.79	0.7577631932553581	7.69
6.79	0.7557160489175017	7.69
6.79	0.7536744350672402	7.69
6.79	0.7516383367636177	7.69
6.79	0.7496077391060423	7.49
6.79	0.747582627234177	7.49
6.79	0.7455629863278306	7.49
6.79	0.7435488016068508	7.49
6.79	0.7415400583310126	7.49
6.79	0.7395367417999141	7.49
6.79	0.7375388373528686	7.49
6.79	0.7355463303687939	7.49
6.79	0.7335592062661087	7.49
6.79	0.7315774505026242	7.49
6.79	0.7296010485754394	7.49
6.79	0.7276299860208324	7.49
6.79	0.725664248414156	7.49
6.79	0.7237038213697335	7.49
6.79	0.7217486905407506	7.49
6.79	0.719798841619153	7.49
6.79	0.717854260335538	7.49
6.76594	0.7399099328744798	7.46594
6.68469	0.8189415183064179	7.38469
6.60344	0.8977595950009709	7.30344
6.52219	0.9763647397652564	7.22219
6.44094	1.0547575278481105	7.1409400000000005
6.4	1.0927374329133048	7.1000000000000005
6.4	1.0897853348588429	7.1000000000000005
6.4	1.0868412120806559	7.1000000000000005
6.4	1.083905043033039	7.1000000000000005
6.4	1.0809768062284943	7.1000000000000005
6.4	1.078056480237576	7.1000000000000005
6.4	1.075144043688729	7.4
6.4	1.0722394752681366	7.4
6.4	1.0693427537195594	7.4
6.4	1.066453857844187	7.4
6.4	1.0635727665004762	7.4
6.4	1.0606994586040006	7.4
6.4	1.0578339131272925	7.4
6.4	1.0549761090996936	7.4
6.4	1.0521260256071994	7.4
6.4	1.0492836417923037	7.4
6.4	1.0464489368538494	7.4
6.4	1.0436218900468743	7.4
6.4	1.0408024806824603	7.4
6.4	1.0379906881275822	7.4
6.4	1.0351864918049563	7.4
6.4	1.0323898711928896	7.4
6.4	1.0296008058251287	7.4
6.4	1.0268192752907117	7.4
6.4	1.0240452592338185	7.4
6.4	1.0212787373536214	7.4
6.4	1.018519689404136	7.4
6.4	1.0157680951940744	7.4
6.4	1.0130239345866974	7.4
6.4	1.0102871874996646	7.4
6.4	1.0075578339048903	7.4
6.4	1.0048358538283964	7.4
6.4	1.0021212273501652	7.4
6.4	0.9994139346039939	7.4
6.42619	0.9705947096892391	7.42619
6.45542	0.9388215544496461	7.45542
6.48466	0.9071242633782619	7.48466
6.51389	0.8755225774920801	7.51389
6.54312	0.844006265523376	7.54312
6.57235	0.8125750968292085	7.57235
6.59	0.7927775573003979	7.59
6.59	0.7906358194830272	7.59
6.59	0.7884998677034112	7.59
6.59	0.786369686330211	7.39
6.59	0.7842452597743144	7.39
6.59	0.7821265724887247	7.39
6.59	0.7800136089684475	7.39
6.59	0.7779063537503745	7.39
6.59	0.775804791413174	7.39
6.59	0.7737089065771734	7.39
6.59	0.7716186839042516	7.39
6.59	0.769534108097722	7.39
6.59	0.7674551639022251	7.39
6.58253	0.7728316554345867	7.38253
6.5742	0.779051298697671	7.3742
6.56587	0.7852541392081234	7.36587
6.55753	0.7914501953440034	7.35753
6.5492	0.7976195394649626	7.3492
6.54087	0.8037722167195467	7.34087
6.53253	0.8099182451187099	7.33253
6.5242	0.8160376966559904	7.3242
6.51587	0.8221406161148117	7.315869999999999
6.50753	0.8282370211419865	7.30753
6.5	0.8335091446175964	7.3
6.5	0.8312573678868933	7.3
6.46856	0.8603667373578929	7.26856
6.43347	0.8930376053572973	7.23347
6.39838	0.9256202109773284	7.19838
6.36329	0.9581147926642881	7.16329
6.32821	0.9905116152359197	7.12821
6.3	1.0159694755106816	7.1
6.3	1.0132247708618696	7.2
6.3	1.010487481203164	7.2
