P_pv	P_sc	P_resultante
4.57005	-4.950000000025767e-05	4.5700005
4.56057	0.00933619500000038	4.569906195000001
4.5511	0.018618133050001262	4.569718133050001
4.54163	0.02780725171950138	4.569437251719501
4.53215	0.036914379202306336	4.569064379202306
4.52268	0.04592053541028296	4.568600535410283
4.51321	0.054836630056180447	4.56804663005618
4.50373	0.06367346375561844	4.5674034637556185
4.5	0.06672942911806246	4.5667294291180625
4.5	0.06606213482688172	4.566062134826882
4.5	0.065401513478613	4.565401513478613
4.5	0.0647474983438272	4.564747498343827
4.5	0.064100023360389	4.564100023360389
4.5	0.06345902312678486	4.563459023126785
4.5	0.06282443289551676	4.562824432895517
4.5	0.06219618856656162	4.562196188566562
4.5029	0.05870322668089578	4.561603226680896
4.51022	0.05086939441408678	4.561089394414087
4.51753	0.043123800469946794	4.560653800469947
4.52485	0.035445762465246666	4.5602957624652465
4.53217	0.027844504840594198	4.560014504840594
4.53948	0.020329159792188634	4.559809159792189
4.5468	0.012879068194266097	4.559679068194266
4.55412	0.005503477512323052	4.559623477512323
4.56143	-0.0017884572627995254	4.5596415427372
4.56875	-0.00901737269017211	4.5597326273098275
4.57607	-0.01617399896327054	4.559896001036729
4.58339	-0.02325905897363789	4.560130941026362
4.59	-0.02957036838390259	4.560429631616097
4.58142	-0.02078046470006356	4.560639535299936
4.56909	-0.008365960053063226	4.560724039946937
4.55676	0.003924399547467594	4.560684399547467
4.54443	0.016091855551992218	4.560521855551992
4.5321	0.028137636996473425	4.560237636996473
4.51977	0.04006296062650794	4.559832960626508
4.50745	0.05185913102024298	4.559309131020243
4.5	0.058716039710041024	4.558716039710041
4.5	0.05812887931294064	4.558128879312941
4.5	0.05754759051981129	4.557547590519811
4.5	0.056972114614612934	4.556972114614613
4.5	0.05640239346846698	4.556402393468467
4.5	0.05583836953378185	4.555838369533782
4.5	0.05527998583844429	4.555279985838444
4.5	0.054727185980059545	4.5547271859800595
4.5	0.05417991412025902	4.554179914120259
4.5	0.053638114979055906	4.553638114979056
4.5	0.05310173382926564	4.553101733829266
4.5	0.05257071649097256	4.552570716490973
4.5	0.05204500932606315	4.552045009326063
4.5	0.05152455923280197	4.551524559232802
4.5	0.05100931364047412	4.551009313640474
4.5	0.05049922050406952	4.5504992205040695
4.5	0.04999422829902844	4.549994228299028
