P_pv	P_sc	P_resultante
4.57005	-4.57005	0.0
4.56057	-4.57005	-0.009479999999999933
4.5511	-4.57005	-0.018950000000000244
4.54163	-4.57005	-0.028420000000000556
4.53215	-4.57005	-0.03790000000000049
4.52268	-4.57005	-0.04736999999999991
4.51321	-4.57005	-0.056840000000000224
4.50373	-4.57005	-0.06632000000000016
4.5	-4.57005	-0.07005000000000017
4.5	-4.57005	-0.07005000000000017
4.5	-4.57005	-0.07005000000000017
4.5	-4.57005	-0.07005000000000017
4.5	-4.57005	-0.07005000000000017
4.5	-4.57005	-0.07005000000000017
4.5	-4.57005	-0.07005000000000017
4.5	-4.57005	-0.07005000000000017
4.5029	-4.57005	-0.06714999999999982
4.51022	-4.57005	-0.05982999999999983
4.51753	-4.57005	-0.052520000000000344
4.52485	-4.57005	-0.04520000000000035
4.53217	-4.57005	-0.03788000000000036
4.53948	-4.57005	-0.030569999999999986
4.5468	-4.57005	-0.023249999999999993
4.55412	-4.57005	-0.01593
4.56143	-4.57005	-0.008620000000000516
4.56875	-4.57005	-0.001300000000000523
4.57607	-4.57005	0.00601999999999947
4.58339	-4.57005	0.013339999999999463
4.59	-4.57005	0.01994999999999969
4.58142	-4.57005	0.011369999999999436
4.56909	-4.57005	-0.0009600000000000719
4.55676	-4.57005	-0.013290000000000468
4.54443	-4.57005	-0.025619999999999976
4.5321	-4.57005	-0.03795000000000037
4.51977	-4.57005	-0.05027999999999988
4.50745	-4.57005	-0.06259999999999977
4.5	-4.57005	-0.07005000000000017
4.5	-4.57005	-0.07005000000000017
4.5	-4.57005	-0.07005000000000017
4.5	-4.57005	-0.07005000000000017
4.5	-4.57005	-0.07005000000000017
4.5	-4.57005	-0.07005000000000017
4.5	-4.57005	-0.07005000000000017
4.5	-4.57005	-0.07005000000000017
4.5	-4.57005	-0.07005000000000017
4.5	-4.57005	-0.07005000000000017
4.5	-4.57005	-0.07005000000000017
4.5	-4.57005	-0.07005000000000017
4.5	-4.57005	-0.07005000000000017
4.5	-4.57005	-0.07005000000000017
4.5	-4.57005	-0.07005000000000017
4.5	-4.57005	-0.07005000000000017
4.5	-4.57005	-0.07005000000000017
4.5	-4.57005	-0.07005000000000017
4.5	-4.57005	-0.07005000000000017
4.5	-4.57005	-0.07005000000000017
4.5	-4.57005	-0.07005000000000017
4.5	-4.57005	-0.07005000000000017
4.5	-4.57005	-0.07005000000000017
4.5	-4.57005	-0.07005000000000017
4.5	-4.57005	-0.07005000000000017
4.5	-4.57005	-0.07005000000000017
4.5	-4.57005	-0.07005000000000017
4.5	-4.57005	-0.07005000000000017
4.5	-4.57005	-0.07005000000000017
4.5	-4.57005	-0.07005000000000017
4.5	-4.57005	-0.07005000000000017
4.5	-4.57005	-0.07005000000000017
4.5	-4.57005	-0.07005000000000017
4.5	-4.57005	-0.07005000000000017
4.5	-4.57005	-0.07005000000000017
4.5	-4.57005	-0.07005000000000017
4.5	-4.57005	-0.07005000000000017
4.5	-4.57005	-0.07005000000000017
4.5	-4.57005	-0.07005000000000017
4.5	-4.57005	-0.07005000000000017
4.5	-4.57005	-0.07005000000000017
4.5	-4.57005	-0.07005000000000017
4.5	-4.57005	-0.07005000000000017
4.5	-4.57005	-0.07005000000000017
4.5	-4.57005	-0.07005000000000017
4.5	-4.57005	-0.07005000000000017
4.5	-4.57005	-0.07005000000000017
4.5	-4.57005	-0.07005000000000017
4.5	-4.57005	-0.07005000000000017
4.5	-4.57005	-0.07005000000000017
4.5	-4.57005	-0.07005000000000017
4.5	-4.57005	-0.07005000000000017
4.5	-4.57005	-0.07005000000000017
4.5	-4.57005	-0.07005000000000017
4.5	-4.57005	-0.07005000000000017
4.5	-4.57005	-0.07005000000000017
4.5	-4.57005	-0.07005000000000017
4.5	-4.57005	-0.07005000000000017
4.5	-4.57005	-0.07005000000000017
4.5	-4.57005	-0.07005000000000017
4.5	-4.57005	-0.07005000000000017
4.5	-4.57005	-0.07005000000000017
4.5	-4.57005	-0.07005000000000017
4.5	-4.57005	-0.07005000000000017
4.5	-4.57005	-0.07005000000000017
4.5	-4.57005	-0.07005000000000017
4.5	-4.57005	-0.07005000000000017
4.5	-4.57005	-0.07005000000000017
4.5	-4.57005	-0.07005000000000017
4.5	-4.57005	-0.07005000000000017
4.5	-4.57005	-0.07005000000000017
4.5	-4.57005	-0.07005000000000017
4.5	-4.57005	-0.07005000000000017
4.5	-4.57005	-0.07005000000000017
4.5	-4.57005	-0.07005000000000017
4.50943	-4.57005	-0.06062000000000012
4.52127	-4.57005	-0.048779999999999824
4.53311	-4.57005	-0.03694000000000042
4.54495	-4.57005	-0.025100000000000122
4.5568	-4.57005	-0.013250000000000206
4.56864	-4.57005	-0.0014099999999999113
4.58048	-4.57005	0.010429999999999495
4.59	-4.57005	0.01994999999999969
4.59	-4.57005	0.01994999999999969
4.59	-4.57005	0.01994999999999969
4.59	-4.57005	0.01994999999999969
4.59	-4.57005	0.01994999999999969
4.59	-4.57005	0.01994999999999969
4.59	-4.57005	0.01994999999999969
4.59	-4.57005	0.01994999999999969
4.59	-4.57005	0.01994999999999969
4.59	-4.57005	0.01994999999999969
4.59	-4.57005	0.01994999999999969
4.59	-4.57005	0.01994999999999969
4.59	-4.57005	0.01994999999999969
4.59	-4.57005	0.01994999999999969
4.59	-4.57005	0.01994999999999969
4.59	-4.57005	0.01994999999999969
4.59	-4.57005	0.01994999999999969
4.59	-4.57005	0.01994999999999969
4.59	-4.57005	0.01994999999999969
4.59	-4.57005	0.01994999999999969
4.59	-4.57005	0.01994999999999969
4.59	-4.57005	0.01994999999999969
4.5794	-4.57005	0.009349999999999525
4.56417	-4.57005	-0.005880000000000329
4.54894	-4.57005	-0.021110000000000184
4.53371	-4.57005	-0.03634000000000004
4.51849	-4.57005	-0.05156000000000027
4.50326	-4.57005	-0.06679000000000013
4.5	-4.57005	-0.07005000000000017
4.50726	-4.57005	-0.06279000000000057
4.51785	-4.57005	-0.052200000000000024
4.52844	-4.57005	-0.04161000000000037
4.53903	-4.57005	-0.031019999999999825
4.54962	-4.57005	-0.02043000000000017
4.56021	-4.57005	-0.009840000000000515
4.57079	-4.57005	0.0007399999999995188
4.58138	-4.57005	0.011330000000000062
4.59	-4.57005	0.01994999999999969
4.59	-4.57005	0.01994999999999969
4.59	-4.57005	0.01994999999999969
4.59	-4.57005	0.01994999999999969
4.59	-4.57005	0.01994999999999969
4.59	-4.57005	0.01994999999999969
4.59	-4.57005	0.01994999999999969
4.59	-4.57005	0.01994999999999969
4.59	-4.57005	0.01994999999999969
4.59	-4.57005	0.01994999999999969
4.59	-4.57005	0.01994999999999969
4.59	-4.57005	0.01994999999999969
4.59	-4.57005	0.01994999999999969
4.59	-4.57005	0.01994999999999969
4.59	-4.57005	0.01994999999999969
4.59	-4.57005	0.01994999999999969
4.59	-4.57005	0.01994999999999969
4.59	-4.57005	0.01994999999999969
4.59	-4.57005	0.01994999999999969
4.59	-4.57005	0.01994999999999969
4.59	-4.57005	0.01994999999999969
4.59	-4.57005	0.01994999999999969
4.59	-4.57005	0.01994999999999969
4.59	-4.57005	0.01994999999999969
4.59	-4.57005	0.01994999999999969
4.59	-4.57005	0.01994999999999969
4.59	-4.57005	0.01994999999999969
4.59	-4.57005	0.01994999999999969
4.59	-4.57005	0.01994999999999969
4.59	-4.57005	0.01994999999999969
4.59	-4.57005	0.01994999999999969
4.59	-4.57005	0.01994999999999969
4.59	-4.57005	0.01994999999999969
4.59	-4.57005	0.01994999999999969
4.58787	-4.57005	0.017819999999999503
4.58248	-4.57005	0.012430000000000163
4.57709	-4.57005	0.007039999999999935
4.5717	-4.57005	0.0016499999999997073
4.56631	-4.57005	-0.0037400000000005207
4.56092	-4.57005	-0.00912999999999986
4.55553	-4.57005	-0.014520000000000088
4.55014	-4.57005	-0.019910000000000316
4.54475	-4.57005	-0.025300000000000544
4.53936	-4.57005	-0.030689999999999884
4.53397	-4.57005	-0.03608000000000011
4.52858	-4.57005	-0.04147000000000034
4.52319	-4.57005	-0.04686000000000057
4.51781	-4.57005	-0.052240000000000286
4.51242	-4.57005	-0.057630000000000514
4.50703	-4.57005	-0.06301999999999985
4.50164	-4.57005	-0.06841000000000008
4.5	-4.57005	-0.07005000000000017
4.5	-4.57005	-0.07005000000000017
4.5	-4.57005	-0.07005000000000017
4.5	-4.57005	-0.07005000000000017
4.5	-4.57005	-0.07005000000000017
4.5	-4.57005	-0.07005000000000017
4.5	-4.57005	-0.07005000000000017
4.5	-4.57005	-0.07005000000000017
4.5	-4.57005	-0.07005000000000017
4.5	-4.57005	-0.07005000000000017
4.5	-4.57005	-0.07005000000000017
4.5	-4.57005	-0.07005000000000017
4.5	-4.57005	-0.07005000000000017
4.5	-4.57005	-0.07005000000000017
4.5	-4.57005	-0.07005000000000017
4.5	-4.57005	-0.07005000000000017
4.5	-4.57005	-0.07005000000000017
4.5	-4.57005	-0.07005000000000017
4.5	-4.57005	-0.07005000000000017
4.5	-4.57005	-0.07005000000000017
4.5	-4.57005	-0.07005000000000017
4.5	-4.57005	-0.07005000000000017
4.5	-4.57005	-0.07005000000000017
4.5	-4.57005	-0.07005000000000017
4.5	-4.57005	-0.07005000000000017
4.5	-4.57005	-0.07005000000000017
4.5	-4.57005	-0.07005000000000017
4.5	-4.57005	-0.07005000000000017
4.5	-4.57005	-0.07005000000000017
4.5	-4.57005	-0.07005000000000017
4.5	-4.57005	-0.07005000000000017
4.5	-4.57005	-0.07005000000000017
4.5	-4.57005	-0.07005000000000017
4.5	-4.57005	-0.07005000000000017
4.5	-4.57005	-0.07005000000000017
4.5	-4.57005	-0.07005000000000017
4.5	-4.57005	-0.07005000000000017
4.5	-4.57005	-0.07005000000000017
4.5	-4.57005	-0.07005000000000017
4.5	-4.57005	-0.07005000000000017
4.5	-4.57005	-0.07005000000000017
4.5	-4.57005	-0.07005000000000017
4.5	-4.57005	-0.07005000000000017
4.5	-4.57005	-0.07005000000000017
4.5	-4.57005	-0.07005000000000017
4.5	-4.57005	-0.07005000000000017
4.5	-4.57005	-0.07005000000000017
4.5	-4.57005	-0.07005000000000017
4.5	-4.57005	-0.07005000000000017
4.5	-4.57005	-0.07005000000000017
4.5	-4.57005	-0.07005000000000017
4.5	-4.57005	-0.07005000000000017
4.5	-4.57005	-0.07005000000000017
4.5	-4.57005	-0.07005000000000017
4.5	-4.57005	-0.07005000000000017
4.5	-4.57005	-0.07005000000000017
4.5	-4.57005	-0.07005000000000017
4.5	-4.57005	-0.07005000000000017
4.5	-4.57005	-0.07005000000000017
4.5	-4.57005	-0.07005000000000017
4.5	-4.57005	-0.07005000000000017
4.5	-4.57005	-0.07005000000000017
4.5	-4.57005	-0.07005000000000017
4.5	-4.57005	-0.07005000000000017
4.5	-4.57005	-0.07005000000000017
4.5	-4.57005	-0.07005000000000017
4.5	-4.57005	-0.07005000000000017
4.5	-4.57005	-0.07005000000000017
4.5	-4.57005	-0.07005000000000017
4.5	-4.57005	-0.07005000000000017
4.5	-4.57005	-0.07005000000000017
4.5	-4.57005	-0.07005000000000017
4.5	-4.57005	-0.07005000000000017
4.5	-4.57005	-0.07005000000000017
4.5	-4.57005	-0.07005000000000017
4.5	-4.57005	-0.07005000000000017
4.5	-4.57005	-0.07005000000000017
4.5	-4.57005	-0.07005000000000017
4.5	-4.57005	-0.07005000000000017
4.5	-4.57005	-0.07005000000000017
4.5	-4.57005	-0.07005000000000017
4.5	-4.57005	-0.07005000000000017
4.5	-4.57005	-0.07005000000000017
4.5	-4.57005	-0.07005000000000017
4.5	-4.57005	-0.07005000000000017
4.5	-4.57005	-0.07005000000000017
4.5	-4.57005	-0.07005000000000017
4.5	-4.57005	-0.07005000000000017
4.5	-4.57005	-0.07005000000000017
4.5	-4.57005	-0.07005000000000017
4.5	-4.57005	-0.07005000000000017
4.5	-4.57005	-0.07005000000000017
4.5	-4.57005	-0.07005000000000017
4.5	-4.57005	-0.07005000000000017
4.5	-4.57005	-0.07005000000000017
4.5	-4.57005	-0.07005000000000017
4.5	-4.57005	-0.07005000000000017
4.5	-4.57005	-0.07005000000000017
4.5	-4.57005	-0.07005000000000017
4.5	-4.57005	-0.07005000000000017
4.5	-4.57005	-0.07005000000000017
4.5	-4.57005	-0.07005000000000017
4.5	-4.57005	-0.07005000000000017
4.5	-4.57005	-0.07005000000000017
4.5	-4.57005	-0.07005000000000017
4.5	-4.57005	-0.07005000000000017
4.5	-4.57005	-0.07005000000000017
4.5	-4.57005	-0.07005000000000017
4.5	-4.57005	-0.07005000000000017
4.5	-4.57005	-0.07005000000000017
4.5	-4.57005	-0.07005000000000017
4.5	-4.57005	-0.07005000000000017
4.5	-4.57005	-0.07005000000000017
4.5	-4.57005	-0.07005000000000017
4.5	-4.57005	-0.07005000000000017
4.5	-4.57005	-0.07005000000000017
4.5	-4.57005	-0.07005000000000017
4.5	-4.57005	-0.07005000000000017
4.5	-4.57005	-0.07005000000000017
4.5	-4.57005	-0.07005000000000017
4.5	-4.57005	-0.07005000000000017
4.5	-4.57005	-0.07005000000000017
4.5	-4.57005	-0.07005000000000017
4.5	-4.57005	-0.07005000000000017
4.5	-4.57005	-0.07005000000000017
4.5	-4.57005	-0.07005000000000017
4.5	-4.57005	-0.07005000000000017
4.5	-4.57005	-0.07005000000000017
4.5	-4.57005	-0.07005000000000017
4.5	-4.57005	-0.07005000000000017
4.5	-4.57005	-0.07005000000000017
4.5	-4.57005	-0.07005000000000017
4.5	-4.57005	-0.07005000000000017
4.5	-4.57005	-0.07005000000000017
4.5	-4.57005	-0.07005000000000017
4.5	-4.57005	-0.07005000000000017
4.5	-4.57005	-0.07005000000000017
4.5	-4.57005	-0.07005000000000017
4.5	-4.57005	-0.07005000000000017
4.5	-4.57005	-0.07005000000000017
4.5	-4.57005	-0.07005000000000017
4.5	-4.57005	-0.07005000000000017
4.5	-4.57005	-0.07005000000000017
4.5	-4.57005	-0.07005000000000017
4.5	-4.57005	-0.07005000000000017
4.5	-4.57005	-0.07005000000000017
4.5	-4.57005	-0.07005000000000017
4.5	-4.57005	-0.07005000000000017
4.5	-4.57005	-0.07005000000000017
4.5	-4.57005	-0.07005000000000017
4.5	-4.57005	-0.07005000000000017
4.48579	-4.57005	-0.08426000000000045
4.46539	-4.57005	-0.10465999999999998
4.44498	-4.57005	-0.12507000000000001
4.42457	-4.57005	-0.14548000000000005
4.40416	-4.57005	-0.1658900000000001
4.38375	-4.57005	-0.18630000000000013
4.36334	-4.57005	-0.20671000000000017
4.34294	-4.57005	-0.2271100000000006
4.32253	-4.57005	-0.24751999999999974
4.30212	-4.57005	-0.2679299999999998
4.3	-4.57005	-0.27005000000000035
4.3	-4.57005	-0.27005000000000035
4.3	-4.57005	-0.27005000000000035
4.3	-4.57005	-0.27005000000000035
4.31105	-4.57005	-0.25900000000000034
4.32338	-4.57005	-0.24666999999999994
4.33571	-4.57005	-0.23434000000000044
4.34803	-4.57005	-0.22202000000000055
4.36036	-4.57005	-0.20969000000000015
4.37269	-4.57005	-0.19735999999999976
4.38502	-4.57005	-0.18503000000000025
4.39	-4.57005	-0.1800500000000005
4.39	-4.57005	-0.1800500000000005
4.39	-4.57005	-0.1800500000000005
4.39	-4.57005	-0.1800500000000005
4.39	-4.57005	-0.1800500000000005
4.39	-4.57005	-0.1800500000000005
4.39	-4.57005	-0.1800500000000005
4.39	-4.57005	-0.1800500000000005
4.39	-4.57005	-0.1800500000000005
4.39	-4.57005	-0.1800500000000005
4.39	-4.57005	-0.1800500000000005
4.39	-4.57005	-0.1800500000000005
4.39	-4.57005	-0.1800500000000005
4.39	-4.57005	-0.1800500000000005
4.39	-4.57005	-0.1800500000000005
4.39	-4.57005	-0.1800500000000005
4.39	-4.57005	-0.1800500000000005
4.39	-4.57005	-0.1800500000000005
4.39	-4.57005	-0.1800500000000005
4.39	-4.57005	-0.1800500000000005
4.39	-4.57005	-0.1800500000000005
4.39	-4.57005	-0.1800500000000005
4.39	-4.57005	-0.1800500000000005
4.39	-4.57005	-0.1800500000000005
4.39	-4.57005	-0.1800500000000005
4.39	-4.57005	-0.1800500000000005
4.39	-4.57005	-0.1800500000000005
4.39	-4.57005	-0.1800500000000005
4.39	-4.57005	-0.1800500000000005
4.39	-4.57005	-0.1800500000000005
4.39	-4.57005	-0.1800500000000005
4.39	-4.57005	-0.1800500000000005
4.39	-4.57005	-0.1800500000000005
4.39	-4.57005	-0.1800500000000005
4.39	-4.57005	-0.1800500000000005
4.39	-4.57005	-0.1800500000000005
4.39	-4.57005	-0.1800500000000005
4.39	-4.57005	-0.1800500000000005
4.39	-4.57005	-0.1800500000000005
4.39	-4.57005	-0.1800500000000005
4.39	-4.57005	-0.1800500000000005
4.39	-4.57005	-0.1800500000000005
4.39	-4.57005	-0.1800500000000005
4.39	-4.57005	-0.1800500000000005
4.39	-4.57005	-0.1800500000000005
4.39	-4.57005	-0.1800500000000005
4.39	-4.57005	-0.1800500000000005
4.39	-4.57005	-0.1800500000000005
4.39	-4.57005	-0.1800500000000005
4.39	-4.57005	-0.1800500000000005
4.39	-4.57005	-0.1800500000000005
4.38884	-4.57005	-0.1812100000000001
4.37541	-4.57005	-0.1946400000000006
4.36198	-4.57005	-0.2080700000000002
4.34854	-4.57005	-0.22151000000000032
4.33511	-4.57005	-0.23493999999999993
4.32168	-4.57005	-0.24837000000000042
4.30825	-4.57005	-0.26180000000000003
4.3	-4.57005	-0.27005000000000035
4.3	-4.57005	-0.27005000000000035
4.3	-4.57005	-0.27005000000000035
4.3	-4.57005	-0.27005000000000035
4.3	-4.57005	-0.27005000000000035
4.30284	-4.57005	-0.2672100000000004
4.31809	-4.57005	-0.2519600000000004
4.33335	-4.57005	-0.2366999999999999
4.3486	-4.57005	-0.22144999999999992
4.36386	-4.57005	-0.20619000000000032
4.37911	-4.57005	-0.19094000000000033
4.39	-4.57005	-0.1800500000000005
4.39	-4.57005	-0.1800500000000005
4.39	-4.57005	-0.1800500000000005
4.39	-4.57005	-0.1800500000000005
4.39	-4.57005	-0.1800500000000005
4.39	-4.57005	-0.1800500000000005
4.39	-4.57005	-0.1800500000000005
4.39	-4.57005	-0.1800500000000005
4.39	-4.57005	-0.1800500000000005
4.39	-4.57005	-0.1800500000000005
4.39	-4.57005	-0.1800500000000005
4.39	-4.57005	-0.1800500000000005
4.39	-4.57005	-0.1800500000000005
4.39	-4.57005	-0.1800500000000005
4.39	-4.57005	-0.1800500000000005
4.39	-4.57005	-0.1800500000000005
4.39	-4.57005	-0.1800500000000005
4.39	-4.57005	-0.1800500000000005
4.39	-4.57005	-0.1800500000000005
4.39	-4.57005	-0.1800500000000005
4.39	-4.57005	-0.1800500000000005
4.39	-4.57005	-0.1800500000000005
4.39	-4.57005	-0.1800500000000005
4.39	-4.57005	-0.1800500000000005
4.39	-4.57005	-0.1800500000000005
4.39	-4.57005	-0.1800500000000005
4.39	-4.57005	-0.1800500000000005
4.39	-4.57005	-0.1800500000000005
4.39	-4.57005	-0.1800500000000005
4.39	-4.57005	-0.1800500000000005
4.39	-4.57005	-0.1800500000000005
4.39	-4.57005	-0.1800500000000005
4.39	-4.57005	-0.1800500000000005
4.39	-4.57005	-0.1800500000000005
4.39	-4.57005	-0.1800500000000005
4.39	-4.57005	-0.1800500000000005
4.39	-4.57005	-0.1800500000000005
4.39	-4.57005	-0.1800500000000005
4.39	-4.57005	-0.1800500000000005
4.39	-4.57005	-0.1800500000000005
4.39	-4.57005	-0.1800500000000005
4.39	-4.57005	-0.1800500000000005
4.39	-4.57005	-0.1800500000000005
4.39	-4.57005	-0.1800500000000005
4.39	-4.57005	-0.1800500000000005
4.39	-4.57005	-0.1800500000000005
4.39	-4.57005	-0.1800500000000005
4.39	-4.57005	-0.1800500000000005
4.39	-4.57005	-0.1800500000000005
4.39	-4.57005	-0.1800500000000005
4.39	-4.57005	-0.1800500000000005
4.39	-4.57005	-0.1800500000000005
4.39	-4.57005	-0.1800500000000005
4.39	-4.57005	-0.1800500000000005
4.39	-4.57005	-0.1800500000000005
4.39	-4.57005	-0.1800500000000005
4.39	-4.57005	-0.1800500000000005
4.39	-4.57005	-0.1800500000000005
4.39	-4.57005	-0.1800500000000005
4.39	-4.57005	-0.1800500000000005
4.39	-4.57005	-0.1800500000000005
4.39	-4.57005	-0.1800500000000005
4.39	-4.57005	-0.1800500000000005
4.39	-4.57005	-0.1800500000000005
4.39	-4.57005	-0.1800500000000005
4.39	-4.57005	-0.1800500000000005
4.39	-4.57005	-0.1800500000000005
4.39	-4.57005	-0.1800500000000005
4.39	-4.57005	-0.1800500000000005
4.39	-4.57005	-0.1800500000000005
4.39	-4.57005	-0.1800500000000005
4.39	-4.57005	-0.1800500000000005
4.39	-4.57005	-0.1800500000000005
4.39	-4.57005	-0.1800500000000005
4.39	-4.57005	-0.1800500000000005
4.39	-4.57005	-0.1800500000000005
4.39	-4.57005	-0.1800500000000005
4.39	-4.57005	-0.1800500000000005
4.39	-4.57005	-0.1800500000000005
4.39	-4.57005	-0.1800500000000005
4.39	-4.57005	-0.1800500000000005
4.39	-4.57005	-0.1800500000000005
4.39	-4.57005	-0.1800500000000005
4.39	-4.57005	-0.1800500000000005
4.39	-4.57005	-0.1800500000000005
4.39	-4.57005	-0.1800500000000005
4.39	-4.57005	-0.1800500000000005
4.39	-4.57005	-0.1800500000000005
4.39	-4.57005	-0.1800500000000005
4.39	-4.57005	-0.1800500000000005
4.39	-4.57005	-0.1800500000000005
4.39	-4.57005	-0.1800500000000005
4.39	-4.57005	-0.1800500000000005
4.39	-4.57005	-0.1800500000000005
4.41944	-4.57005	-0.15061000000000035
4.44929	-4.57005	-0.12075999999999976
4.47914	-4.57005	-0.09091000000000005
4.50899	-4.57005	-0.061060000000000336
4.53884	-4.57005	-0.031209999999999738
4.56869	-4.57005	-0.0013600000000000279
4.59	-4.57005	0.01994999999999969
4.59	-4.57005	0.01994999999999969
4.59	-4.57005	0.01994999999999969
4.59	-4.57005	0.01994999999999969
4.59	-4.57005	0.01994999999999969
4.59	-4.57005	0.01994999999999969
4.59	-4.57005	0.01994999999999969
4.59	-4.57005	0.01994999999999969
4.59	-4.57005	0.01994999999999969
4.59	-4.57005	0.01994999999999969
4.59	-4.57005	0.01994999999999969
4.59	-4.57005	0.01994999999999969
4.59	-4.57005	0.01994999999999969
4.59	-4.57005	0.01994999999999969
4.59	-4.57005	0.01994999999999969
4.59	-4.57005	0.01994999999999969
4.59	-4.57005	0.01994999999999969
4.59	-4.57005	0.01994999999999969
4.59	-4.57005	0.01994999999999969
4.59	-4.57005	0.01994999999999969
4.59	-4.57005	0.01994999999999969
4.59	-4.57005	0.01994999999999969
4.59	-4.57005	0.01994999999999969
4.59	-4.57005	0.01994999999999969
4.59	-4.57005	0.01994999999999969
4.59	-4.57005	0.01994999999999969
4.59	-4.57005	0.01994999999999969
4.59	-4.57005	0.01994999999999969
4.59	-4.57005	0.01994999999999969
4.59	-4.57005	0.01994999999999969
4.59	-4.57005	0.01994999999999969
4.59	-4.57005	0.01994999999999969
4.59	-4.57005	0.01994999999999969
4.59	-4.57005	0.01994999999999969
4.59	-4.57005	0.01994999999999969
4.59	-4.57005	0.01994999999999969
4.59	-4.57005	0.01994999999999969
4.59	-4.57005	0.01994999999999969
4.59	-4.57005	0.01994999999999969
4.59	-4.57005	0.01994999999999969
4.59	-4.57005	0.01994999999999969
4.59	-4.57005	0.01994999999999969
4.59	-4.57005	0.01994999999999969
4.59	-4.57005	0.01994999999999969
4.59	-4.57005	0.01994999999999969
4.59	-4.57005	0.01994999999999969
4.59	-4.57005	0.01994999999999969
4.59	-4.57005	0.01994999999999969
4.59	-4.57005	0.01994999999999969
4.59	-4.57005	0.01994999999999969
4.59	-4.57005	0.01994999999999969
4.59	-4.57005	0.01994999999999969
4.60144	-4.57005	0.03139000000000003
4.6181	-4.57005	0.048049999999999926
4.63477	-4.57005	0.06471999999999944
4.65144	-4.57005	0.08138999999999985
4.6681	-4.57005	0.09804999999999975
4.68477	-4.57005	0.11472000000000016
4.70144	-4.57005	0.13138999999999967
4.7181	-4.57005	0.14804999999999957
4.73477	-4.57005	0.16471999999999998
4.75144	-4.57005	0.1813899999999995
4.7681	-4.57005	0.1980499999999994
4.78477	-4.57005	0.2147199999999998
4.79	-4.57005	0.21994999999999987
4.79	-4.57005	0.21994999999999987
4.79	-4.57005	0.21994999999999987
4.79	-4.57005	0.21994999999999987
4.79	-4.57005	0.21994999999999987
4.79	-4.57005	0.21994999999999987
4.79	-4.57005	0.21994999999999987
4.79	-4.57005	0.21994999999999987
4.79	-4.57005	0.21994999999999987
4.79	-4.57005	0.21994999999999987
4.79	-4.57005	0.21994999999999987
4.79	-4.57005	0.21994999999999987
4.79	-4.57005	0.21994999999999987
4.79	-4.57005	0.21994999999999987
4.79	-4.57005	0.21994999999999987
4.79	-4.57005	0.21994999999999987
4.79	-4.57005	0.21994999999999987
4.79	-4.57005	0.21994999999999987
4.79	-4.57005	0.21994999999999987
4.79	-4.57005	0.21994999999999987
4.79	-4.57005	0.21994999999999987
4.79	-4.57005	0.21994999999999987
4.79	-4.57005	0.21994999999999987
4.79	-4.57005	0.21994999999999987
4.79	-4.57005	0.21994999999999987
4.79	-4.57005	0.21994999999999987
4.79	-4.57005	0.21994999999999987
4.79	-4.57005	0.21994999999999987
4.79	-4.57005	0.21994999999999987
4.79	-4.57005	0.21994999999999987
4.80433	-4.57005	0.23428000000000004
4.85441	-4.579366733333333	0.2750432666666667
4.9045	-4.588455	0.3160449999999999
4.95458	-4.597533333333333	0.3570466666666672
5.00466	-4.606611733333334	0.3980482666666667
5.05475	-4.6157	0.43904999999999994
5.09	-4.6157	0.4742999999999995
5.09	-4.6157	0.4742999999999995
5.09	-4.6157	0.4742999999999995
5.09	-4.6157	0.4742999999999995
5.09	-4.6157	0.4742999999999995
5.09	-4.6157	0.4742999999999995
5.09	-4.6157	0.4742999999999995
5.09	-4.6157	0.4742999999999995
5.09	-4.6157	0.4742999999999995
5.09	-4.6157	0.4742999999999995
5.09	-4.6157	0.4742999999999995
5.09	-4.6157	0.4742999999999995
5.09	-4.6157	0.4742999999999995
5.09	-4.6157	0.4742999999999995
5.09	-4.6157	0.4742999999999995
5.09	-4.6157	0.4742999999999995
5.09	-4.6157	0.4742999999999995
5.09	-4.6157	0.4742999999999995
5.09	-4.6157	0.4742999999999995
5.09	-4.6157	0.4742999999999995
5.09	-4.6157	0.4742999999999995
5.09	-4.6157	0.4742999999999995
5.09	-4.6157	0.4742999999999995
5.09	-4.6157	0.4742999999999995
5.09	-4.6157	0.4742999999999995
5.09	-4.6157	0.4742999999999995
5.09	-4.6157	0.4742999999999995
5.09	-4.6157	0.4742999999999995
5.09	-4.6157	0.4742999999999995
5.09	-4.6157	0.4742999999999995
5.09	-4.6157	0.4742999999999995
5.09	-4.6157	0.4742999999999995
5.09	-4.6157	0.4742999999999995
5.09	-4.6157	0.4742999999999995
5.09	-4.6157	0.4742999999999995
5.09	-4.6157	0.4742999999999995
5.09	-4.6157	0.4742999999999995
5.09	-4.6157	0.4742999999999995
5.09	-4.6157	0.4742999999999995
5.09	-4.6157	0.4742999999999995
5.09	-4.6157	0.4742999999999995
5.09	-4.6157	0.4742999999999995
5.09	-4.6157	0.4742999999999995
5.09	-4.6157	0.4742999999999995
5.09	-4.6157	0.4742999999999995
5.09	-4.6157	0.4742999999999995
5.09	-4.6157	0.4742999999999995
5.09	-4.6157	0.4742999999999995
5.09	-4.6157	0.4742999999999995
5.09	-4.6157	0.4742999999999995
5.09	-4.6157	0.4742999999999995
5.09	-4.6157	0.4742999999999995
5.09	-4.6157	0.4742999999999995
5.09	-4.6157	0.4742999999999995
5.09	-4.6157	0.4742999999999995
5.09	-4.6157	0.4742999999999995
5.09	-4.6157	0.4742999999999995
5.09	-4.6157	0.4742999999999995
5.09	-4.6157	0.4742999999999995
5.09	-4.6157	0.4742999999999995
5.09	-4.6157	0.4742999999999995
5.09	-4.6157	0.4742999999999995
5.09	-4.6157	0.4742999999999995
5.09	-4.6157	0.4742999999999995
5.09	-4.6157	0.4742999999999995
5.09	-4.6157	0.4742999999999995
5.09	-4.6157	0.4742999999999995
5.09	-4.6157	0.4742999999999995
5.09	-4.6157	0.4742999999999995
5.09	-4.6157	0.4742999999999995
5.09	-4.6157	0.4742999999999995
5.09	-4.6157	0.4742999999999995
5.09	-4.6157	0.4742999999999995
5.09	-4.6157	0.4742999999999995
5.09	-4.6157	0.4742999999999995
5.09	-4.6157	0.4742999999999995
5.09	-4.6157	0.4742999999999995
5.09	-4.6157	0.4742999999999995
5.09	-4.6157	0.4742999999999995
5.09	-4.6157	0.4742999999999995
5.09	-4.6157	0.4742999999999995
5.09	-4.6157	0.4742999999999995
5.09431	-4.6157	0.47860999999999976
5.11632	-4.6157	0.5006199999999996
5.13832	-4.6157	0.5226199999999999
5.16032	-4.6157	0.5446199999999992
5.18232	-4.6157	0.5666199999999995
5.20433	-4.6157	0.5886299999999993
5.22633	-4.6157	0.6106299999999996
5.24833	-4.6157	0.6326299999999998
5.27033	-4.6157	0.65463
5.29	-4.6157	0.6742999999999997
5.28554	-4.6157	0.6698399999999998
5.27457	-4.6157	0.6588699999999994
5.26359	-4.6157	0.6478899999999994
5.25262	-4.6157	0.6369199999999999
5.24164	-4.6157	0.6259399999999999
5.23066	-4.6157	0.61496
5.21969	-4.6157	0.6039899999999996
5.20871	-4.6157	0.5930099999999996
5.2	-4.6157	0.5842999999999998
5.2	-4.6157	0.5842999999999998
5.2	-4.6157	0.5842999999999998
5.2	-4.6157	0.5842999999999998
5.2	-4.6157	0.5842999999999998
5.2	-4.6157	0.5842999999999998
5.2	-4.6157	0.5842999999999998
5.2	-4.6157	0.5842999999999998
5.2	-4.6157	0.5842999999999998
5.2	-4.6157	0.5842999999999998
5.2	-4.6157	0.5842999999999998
5.2	-4.6157	0.5842999999999998
5.2	-4.6157	0.5842999999999998
5.2	-4.6157	0.5842999999999998
5.2	-4.6157	0.5842999999999998
5.2	-4.6157	0.5842999999999998
5.2	-4.6157	0.5842999999999998
5.2	-4.6157	0.5842999999999998
5.2	-4.6157	0.5842999999999998
5.2	-4.6157	0.5842999999999998
5.2	-4.6157	0.5842999999999998
5.2	-4.6157	0.5842999999999998
5.2	-4.6157	0.5842999999999998
5.2	-4.6157	0.5842999999999998
5.2	-4.6157	0.5842999999999998
5.2	-4.6157	0.5842999999999998
5.2	-4.6157	0.5842999999999998
5.2	-4.6157	0.5842999999999998
5.2	-4.6157	0.5842999999999998
5.2	-4.6157	0.5842999999999998
5.2	-4.6157	0.5842999999999998
5.2	-4.6157	0.5842999999999998
5.2	-4.6157	0.5842999999999998
5.20091	-4.6157	0.58521
5.21038	-4.6157	0.5946799999999994
5.21986	-4.6157	0.6041599999999994
5.22933	-4.6157	0.6136299999999997
5.23881	-4.6157	0.6231099999999996
5.24828	-4.6157	0.6325799999999999
5.25775	-4.6157	0.6420499999999993
5.26723	-4.6157	0.6515299999999993
5.2767	-4.6157	0.6609999999999996
5.28617	-4.6157	0.6704699999999999
5.29	-4.6157	0.6742999999999997
5.28075	-4.6157	0.6650499999999999
5.26523	-4.6157	0.6495299999999995
5.24972	-4.6157	0.6340199999999996
5.2342	-4.6157	0.6185
5.21868	-4.6157	0.6029799999999996
5.20316	-4.6157	0.5874599999999992
5.2	-4.6157	0.5842999999999998
5.21453	-4.6157	0.5988299999999995
5.23541	-4.6157	0.6197099999999995
5.25629	-4.6157	0.6405899999999995
5.27717	-4.6157	0.6614699999999996
5.29805	-4.6157	0.6823499999999996
5.31893	-4.6157	0.7032299999999996
5.33981	-4.6157	0.7241099999999996
5.36069	-4.6157	0.7449899999999996
5.38157	-4.6157	0.7658699999999996
5.39	-4.6157	0.7742999999999993
5.39	-4.6157	0.7742999999999993
5.39	-4.6157	0.7742999999999993
5.39	-4.6157	0.7742999999999993
5.39	-4.6157	0.7742999999999993
5.39	-4.6157	0.7742999999999993
5.39	-4.6157	0.7742999999999993
5.39	-4.6157	0.7742999999999993
5.39	-4.6157	0.7742999999999993
5.39	-4.6157	0.7742999999999993
5.39	-4.6157	0.7742999999999993
5.39	-4.6157	0.7742999999999993
5.39	-4.6157	0.7742999999999993
5.39	-4.6157	0.7742999999999993
5.39	-4.6157	0.7742999999999993
5.39	-4.6157	0.7742999999999993
5.39	-4.6157	0.7742999999999993
5.39	-4.6157	0.7742999999999993
5.39	-4.6157	0.7742999999999993
5.39	-4.6157	0.7742999999999993
5.39	-4.6157	0.7742999999999993
5.39	-4.6157	0.7742999999999993
5.39	-4.6157	0.7742999999999993
5.39	-4.6157	0.7742999999999993
5.39	-4.6157	0.7742999999999993
5.39	-4.6157	0.7742999999999993
5.39	-4.6157	0.7742999999999993
5.39	-4.6157	0.7742999999999993
5.39	-4.6157	0.7742999999999993
5.39	-4.6157	0.7742999999999993
5.39	-4.6157	0.7742999999999993
5.39	-4.6157	0.7742999999999993
5.39	-4.6157	0.7742999999999993
5.39	-4.6157	0.7742999999999993
5.39	-4.6157	0.7742999999999993
5.39	-4.6157	0.7742999999999993
5.39	-4.6157	0.7742999999999993
5.39	-4.6157	0.7742999999999993
5.39	-4.6157	0.7742999999999993
5.39	-4.6157	0.7742999999999993
5.39	-4.6157	0.7742999999999993
5.39	-4.6157	0.7742999999999993
5.39	-4.6157	0.7742999999999993
5.39	-4.6157	0.7742999999999993
5.39	-4.6157	0.7742999999999993
5.39	-4.6157	0.7742999999999993
5.39	-4.6157	0.7742999999999993
5.39	-4.6157	0.7742999999999993
5.39	-4.6157	0.7742999999999993
5.39	-4.6157	0.7742999999999993
5.39	-4.6157	0.7742999999999993
5.39	-4.6157	0.7742999999999993
5.39	-4.6157	0.7742999999999993
5.39	-4.6157	0.7742999999999993
5.39	-4.6157	0.7742999999999993
5.39	-4.6157	0.7742999999999993
5.39	-4.6157	0.7742999999999993
5.39	-4.6157	0.7742999999999993
5.39	-4.6157	0.7742999999999993
