P_pv	P_sc	P_resultante
4.57005	-4.950000000025767e-05	4.5700005
4.56057	0.00933619500000038	4.569906195000001
4.5511	0.018618133050001262	4.569718133050001
4.54163	0.02780725171950138	4.569437251719501
4.53215	0.036914379202306336	4.569064379202306
4.52268	0.04592053541028296	4.568600535410283
4.51321	0.054836630056180447	4.56804663005618
4.50373	0.06367346375561844	4.5674034637556185
4.5	0.06672942911806246	4.5667294291180625
4.5	0.06606213482688172	4.566062134826882
4.5	0.065401513478613	4.565401513478613
4.5	0.0647474983438272	4.564747498343827
4.5	0.064100023360389	4.564100023360389
4.5	0.06345902312678486	4.563459023126785
4.5	0.06282443289551676	4.562824432895517
4.5	0.06219618856656162	4.562196188566562
4.5029	0.05870322668089578	4.561603226680896
4.51022	0.05086939441408678	4.561089394414087
4.51753	0.043123800469946794	4.560653800469947
4.52485	0.035445762465246666	4.5602957624652465
4.53217	0.027844504840594198	4.560014504840594
4.53948	0.020329159792188634	4.559809159792189
4.5468	0.012879068194266097	4.559679068194266
4.55412	0.005503477512323052	4.559623477512323
4.56143	-0.0017884572627995254	4.5596415427372
4.56875	-0.00901737269017211	4.5597326273098275
4.57607	-0.01617399896327054	4.559896001036729
4.58339	-0.02325905897363789	4.560130941026362
4.59	-0.02957036838390259	4.560429631616097
4.58142	-0.02078046470006356	4.560639535299936
4.56909	-0.008365960053063226	4.560724039946937
4.55676	0.003924399547467594	4.560684399547467
4.54443	0.016091855551992218	4.560521855551992
4.5321	0.028137636996473425	4.560237636996473
4.51977	0.04006296062650794	4.559832960626508
4.50745	0.05185913102024298	4.559309131020243
4.5	0.058716039710041024	4.558716039710041
4.5	0.05812887931294064	4.558128879312941
4.5	0.05754759051981129	4.557547590519811
4.5	0.056972114614612934	4.556972114614613
4.5	0.05640239346846698	4.556402393468467
4.5	0.05583836953378185	4.555838369533782
4.5	0.05527998583844429	4.555279985838444
4.5	0.054727185980059545	4.5547271859800595
4.5	0.05417991412025902	4.554179914120259
4.5	0.053638114979055906	4.553638114979056
4.5	0.05310173382926564	4.553101733829266
4.5	0.05257071649097256	4.552570716490973
4.5	0.05204500932606315	4.552045009326063
4.5	0.05152455923280197	4.551524559232802
4.5	0.05100931364047412	4.551009313640474
4.5	0.05049922050406952	4.5504992205040695
4.5	0.04999422829902844	4.549994228299028
4.5	0.04949428601603767	4.549494286016038
4.5	0.048999343155877284	4.548999343155877
4.5	0.048509349724318085	4.548509349724318
4.5	0.04802425622707496	4.548024256227075
4.5	0.047544013664803764	4.547544013664804
4.5	0.047068573528155966	4.547068573528156
4.5	0.046597887792874104	4.546597887792874
4.5	0.04613190891494501	4.546131908914945
4.5	0.04567058982579564	4.545670589825796
4.5	0.04521388392753778	4.545213883927538
4.5	0.04476174508826247	4.5447617450882625
4.5	0.04431412763737974	4.54431412763738
4.5	0.04387098636100539	4.543870986361005
4.5	0.043432276497394895	4.543432276497395
4.5	0.04299795373242077	4.542997953732421
4.5	0.04256797419509617	4.542567974195096
4.5	0.04214229445314466	4.542142294453145
4.5	0.04172087150861348	4.5417208715086135
4.5	0.04130366279352682	4.541303662793527
4.5	0.04089062616559147	4.5408906261655915
4.5	0.04048171990393534	4.540481719903935
4.5	0.04007690270489572	4.540076902704896
4.5	0.039676133677846614	4.539676133677847
4.5	0.03927937234106782	4.539279372341068
4.5	0.03888657861765665	4.538886578617657
4.5	0.038497712831479625	4.53849771283148
4.5	0.03811273570316498	4.538112735703165
4.5	0.03773160834613343	4.537731608346133
4.5	0.037354292262672395	4.537354292262672
4.5	0.036980749340045804	4.536980749340046
4.5	0.036610941846645595	4.536610941846646
4.5	0.036244832428178775	4.536244832428179
4.5	0.0358823841038971	4.535882384103897
4.5	0.035523560262857856	4.535523560262858
4.5	0.03516832466022901	4.535168324660229
4.5	0.03481664141362639	4.534816641413626
4.5	0.034468474999489906	4.53446847499949
4.5	0.0341237902494953	4.534123790249495
4.5	0.03378255234700056	4.533782552347001
4.5	0.0334447268235305	4.5334447268235305
4.5	0.03311027955529511	4.533110279555295
4.5	0.032779176759741624	4.532779176759742
4.5	0.03245138499214395	4.532451384992144
4.5	0.032126871142222235	4.532126871142222
4.5	0.03180560243079977	4.5318056024308
4.5	0.03148754640649187	4.531487546406492
4.5	0.031172670942426706	4.531172670942427
4.5	0.030860944233002563	4.530860944233003
4.5	0.030552334790672653	4.530552334790673
4.5	0.03024681144276542	4.530246811442765
4.5	0.02994434332833773	4.529944343328338
4.5	0.02964489989505381	4.529644899895054
4.5	0.029348450896103273	4.529348450896103
4.5	0.029054966387142223	4.529054966387142
4.5	0.02876441672327079	4.528764416723271
4.5	0.0284767725560382	4.528476772556038
4.5	0.028192004830478012	4.528192004830478
4.5	0.027910084782172717	4.527910084782173
4.50943	0.01829528393435087	4.527725283934351
4.52127	0.006390731095007318	4.527660731095008
4.53311	-0.0053947762159420876	4.527715223784058
4.54495	-0.017062428453782807	4.527887571546217
4.5568	-0.028623304169244967	4.528176695830755
4.56864	-0.04005867112755279	4.5285813288724475
4.58048	-0.05137968441627638	4.529100315583723
4.59	-0.06029068757211409	4.529709312427886
4.59	-0.05968778069639313	4.530312219303607
4.59	-0.05909090288942931	4.5309090971105705
4.59	-0.058499993860535504	4.531500006139464
4.59	-0.05791499392193078	4.532085006078069
4.59	-0.0573358439827123	4.532664156017288
4.59	-0.05676248554288588	4.533237514457114
4.59	-0.056194860687457826	4.533805139312542
4.59	-0.05563291208058363	4.534367087919416
4.59	-0.05507658295977791	4.534923417040222
4.59	-0.05452581713018034	4.5354741828698195
4.59	-0.05398055895887932	4.5360194410411205
4.59	-0.05344075336929066	4.536559246630709
4.59	-0.0529063458355985	4.537093654164401
4.59	-0.05237728237724326	4.537622717622757
4.59	-0.0518535095534709	4.538146490446529
4.59	-0.05133497445793633	4.5386650255420635
4.59	-0.050821624713357494	4.539178375286642
4.59	-0.05031340846622445	4.539686591533775
4.59	-0.049810274381562714	4.540189725618437
4.59	-0.04931217163774715	4.540687828362253
4.59	-0.048819049921370095	4.54118095007863
4.5794	-0.03783685942215609	4.541563140577844
4.56417	-0.02238079082793476	4.541789209172065
4.54894	-0.0070792829196557605	4.541860717080344
4.53371	0.008069209909541186	4.541779209909541
4.51849	0.023056317810445925	4.541546317810446
4.50326	0.03790345463234157	4.541163454632342
4.5	0.040751820086017965	4.540751820086018
4.50726	0.03315690188515852	4.540416901885158
4.51785	0.022341232866305738	4.540191232866306
4.52844	0.011633720537642667	4.5400737205376425
4.53903	0.001033283332265711	4.540063283332266
4.54962	-0.00946114950105681	4.540158850498943
4.56021	-0.01985063800604614	4.5403593619939535
4.57079	-0.030126331625985436	4.540663668374014
4.58138	-0.04030916830972586	4.541070831690274
4.59	-0.0484398766266283	4.541560123373372
4.59	-0.047955477860362805	4.542044522139637
4.59	-0.04747592308175985	4.54252407691824
4.59	-0.04700116385094244	4.542998836149057
4.59	-0.046531152212433646	4.543468847787566
4.59	-0.046065840690309834	4.54393415930969
4.59	-0.04560518228340715	4.544394817716593
4.59	-0.04514913046057334	4.5448508695394265
4.59	-0.04469763915596836	4.5453023608440315
4.59	-0.044250662764409476	4.54574933723559
4.59	-0.04380815613676603	4.546191843863234
4.59	-0.043370074575398654	4.546629925424601
4.59	-0.04293637382964466	4.547063626170355
4.59	-0.04250701009134872	4.547492989908651
4.59	-0.0420819399904353	4.547918060009565
4.59	-0.04166112059053173	4.548338879409468
4.59	-0.04124450938462676	4.548755490615373
4.59	-0.04083206429078068	4.549167935709219
4.59	-0.0404237436478736	4.549576256352126
4.59	-0.040019506211395495	4.549980493788604
4.59	-0.03961931114928241	4.5503806888507174
4.59	-0.039223118037789995	4.55077688196221
4.59	-0.03883088685741232	4.5511691131425875
4.59	-0.03844257798883888	4.551557422011161
4.59	-0.0380581522089507	4.551941847791049
4.59	-0.03767757068686173	4.552322429313138
4.59	-0.037300794979993945	4.552699205020006
4.59	-0.03692778703019428	4.553072212969806
4.59	-0.03655850915989234	4.5534414908401075
4.59	-0.036192924068293664	4.553807075931706
4.59	-0.03583099482761121	4.554169005172389
4.59	-0.03547268487933586	4.554527315120664
4.59	-0.03511795803054252	4.554882041969457
4.59	-0.0347667784502379	4.555233221549762
4.58787	-0.032310410665735034	4.555559589334265
4.58248	-0.02665120655907849	4.555828793440922
4.57709	-0.021048594493487727	4.556041405506512
4.5717	-0.01550200854855266	4.556197991451447
4.56631	-0.01001088846306697	4.556299111536933
4.56092	-0.004574679578436935	4.556345320421563
4.55553	0.0008071672173475264	4.556337167217348
4.55014	0.006135195545174277	4.556275195545174
4.54475	0.01140994358972236	4.556159943589722
4.53936	0.016631944153823852	4.555991944153824
4.53397	0.021801724712286585	4.555771724712287
4.52858	0.026919807465164425	4.555499807465164
4.52319	0.03198670939051329	4.555176709390513
4.51781	0.036993042296607825	4.554803042296608
4.51242	0.0419592118736416	4.554379211873641
4.50703	0.046875719754904566	4.553905719754905
4.50164	0.051743062557355834	4.553383062557356
4.5	0.05284923193178237	4.552849231931782
4.5	0.05232073961246453	4.5523207396124645
4.5	0.05179753221633998	4.55179753221634
4.5	0.05127955689417618	4.551279556894176
4.5	0.05076676132523428	4.550766761325234
4.5	0.050259093711981784	4.550259093711982
4.5	0.0497565027748621	4.549756502774862
4.5	0.04925893774711376	4.549258937747114
4.5	0.04876634836964211	4.548766348369642
4.5	0.048278684885946	4.548278684885946
4.5	0.04779589803708628	4.547795898037086
4.5	0.04731793905671555	4.5473179390567156
4.5	0.04684475966614787	4.546844759666148
4.5	0.046376312069486225	4.546376312069486
4.5	0.04591254894879082	4.545912548948791
4.5	0.04545342345930248	4.5454534234593025
4.5	0.044998889224709515	4.5449988892247095
4.5	0.044548900332462615	4.544548900332463
4.5	0.04410341132913764	4.544103411329138
4.5	0.043662377215846426	4.543662377215846
4.5	0.04322575344368751	4.5432257534436875
4.5	0.04279349590925019	4.54279349590925
4.5	0.042365560950157644	4.542365560950158
4.5	0.04194190534065623	4.541941905340656
4.5	0.041522486287249194	4.541522486287249
4.5	0.041107261424376595	4.541107261424377
4.5	0.04069618881013248	4.5406961888101325
4.5	0.04028922692203096	4.540289226922031
4.5	0.03988633465281044	4.53988633465281
4.5	0.039487471306282274	4.539487471306282
4.5	0.0390925965932194	4.539092596593219
4.5	0.03870167062728669	4.538701670627287
4.5	0.038314653921013964	4.538314653921014
4.5	0.03793150738180362	4.537931507381804
4.5	0.037552192307985344	4.537552192307985
4.5	0.037176670384905464	4.5371766703849055
4.5	0.03680490368105627	4.536804903681056
4.5	0.03643685464424529	4.536436854644245
4.5	0.03607248609780278	4.536072486097803
4.5	0.035711761236824735	4.535711761236825
4.5	0.03535464362445673	4.535354643624457
4.5	0.03500109718821243	4.535001097188212
4.5	0.034651086216330285	4.53465108621633
4.5	0.034304575354166644	4.534304575354167
4.5	0.03396152960062526	4.533961529600625
4.5	0.033621914304618805	4.533621914304619
4.5	0.03328569516157209	4.533285695161572
4.5	0.032952838209956425	4.532952838209956
4.5	0.03262330982785677	4.532623309827857
4.5	0.032297076729578045	4.532297076729578
4.5	0.03197410596228245	4.5319741059622825
4.5	0.031654364902659715	4.53165436490266
4.5	0.031337821253632825	4.531337821253633
4.5	0.03102444304109664	4.531024443041097
4.5	0.030714198610685806	4.530714198610686
4.5	0.0304070566245791	4.530407056624579
4.5	0.03010298605833306	4.530102986058333
4.5	0.02980195619774939	4.529801956197749
4.5	0.029503936635771666	4.529503936635772
4.5	0.029208897269414003	4.529208897269414
4.5	0.028916808296719942	4.52891680829672
4.5	0.028627640213752414	4.528627640213752
4.5	0.028341363811614784	4.528341363811615
4.5	0.028057950173498547	4.5280579501734985
4.5	0.02777737067176389	4.527777370671764
4.5	0.027499596965046003	4.527499596965046
4.5	0.027224600995395143	4.527224600995395
4.5	0.026952354985440685	4.526952354985441
4.5	0.02668283143558625	4.526682831435586
4.5	0.026416003121230602	4.526416003121231
4.5	0.026151843090017834	4.526151843090018
4.5	0.02589032465911778	4.525890324659118
4.5	0.025631421412526834	4.525631421412527
4.5	0.025375107198401636	4.525375107198402
4.5	0.025121356126417638	4.525121356126418
4.5	0.024870142565153408	4.524870142565153
4.5	0.0246214411395016	4.524621441139502
4.5	0.024375226728106547	4.5243752267281065
4.5	0.024131474460824975	4.524131474460825
4.5	0.023890159716216885	4.523890159716217
4.5	0.02365125811905422	4.523651258119054
4.5	0.02341474553786327	4.523414745537863
4.5	0.02318059808248485	4.523180598082485
4.5	0.02294879210166023	4.52294879210166
4.5	0.022719304180643718	4.522719304180644
4.5	0.022492111138837423	4.522492111138837
4.5	0.022267190027449146	4.522267190027449
4.5	0.02204451812717423	4.522044518127174
4.5	0.021824072945902273	4.521824072945902
4.5	0.02160583221644341	4.521605832216443
4.5	0.02138977389427854	4.5213897738942785
4.5	0.021175876155335338	4.521175876155335
4.5	0.02096411739378201	4.520964117393782
4.5	0.020754476219844165	4.520754476219844
4.5	0.020546931457645634	4.520546931457646
4.5	0.020341462143068867	4.520341462143069
4.5	0.02013804752163839	4.520138047521638
4.5	0.019936667046422052	4.519936667046422
4.5	0.019737300375958	4.519737300375958
4.5	0.019539927372198562	4.519539927372199
4.5	0.01934452809847631	4.519344528098476
4.5	0.01915108281749145	4.5191510828174914
4.5	0.018959571989316082	4.518959571989316
4.5	0.01876997626942245	4.5187699762694225
4.5	0.018582276506728057	4.518582276506728
4.5	0.018396453741660324	4.51839645374166
4.5	0.018212489204243454	4.5182124892042435
4.5	0.018030364312201286	4.518030364312201
4.5	0.017850060669078793	4.517850060669079
4.5	0.01767156006238757	4.517671560062388
4.5	0.017494844461763748	4.517494844461764
4.5	0.01731989601714634	4.517319896017146
4.5	0.017146697056975135	4.517146697056975
4.5	0.016975230086405446	4.5169752300864054
4.5	0.016805477785541534	4.5168054777855415
4.5	0.016637423007686003	4.516637423007686
4.5	0.016471048777608743	4.516471048777609
4.5	0.016306338289832745	4.516306338289833
4.5	0.016143274906934124	4.516143274906934
4.5	0.015981842157864357	4.515981842157864
4.5	0.01582202373628583	4.515822023736286
4.5	0.01566380349892249	4.5156638034989225
4.5	0.015507165463932715	4.515507165463933
4.5	0.015352093809293699	4.515352093809294
4.5	0.015198572871200966	4.515198572871201
4.5	0.015046587142489187	4.515046587142489
4.5	0.014896121271064544	4.5148961212710645
4.5	0.01474716005835397	4.514747160058354
4.5	0.014599688457770377	4.51459968845777
4.5	0.014453691573192984	4.514453691573193
4.5	0.014309154657460965	4.514309154657461
4.5	0.01416606311088664	4.514166063110887
4.5	0.014024402479777542	4.5140244024797775
4.5	0.013884158454979811	4.51388415845498
4.5	0.01374531687042957	4.51374531687043
4.5	0.013607863701724732	4.513607863701725
4.5	0.013471785064707475	4.5134717850647075
4.5	0.013337067214060028	4.51333706721406
4.5	0.013203696541919108	4.513203696541919
4.5	0.013071659576500139	4.5130716595765
4.5	0.012940942980734782	4.512940942980735
4.5	0.012811533550927123	4.512811533550927
4.5	0.012683418215417852	4.512683418215418
4.5	0.01255658403326354	4.5125565840332635
4.5	0.01243101819293102	4.512431018192931
4.5	0.012306708011001533	4.5123067080110015
4.5	0.012183640930891748	4.512183640930892
4.5	0.012061804521582786	4.512061804521583
4.5	0.011941186476366994	4.511941186476367
4.5	0.011821774611603608	4.511821774611604
4.5	0.011703556865487741	4.511703556865488
4.48579	0.025654421296833263	4.511444421296833
4.46539	0.04559387708386442	4.510983877083865
4.44498	0.06534383831302559	4.510323838313026
4.42457	0.08489629992989567	4.509466299929896
4.40416	0.10425323693059685	4.508413236930597
4.38375	0.12341660456129144	4.5071666045612915
4.36334	0.142388338515679	4.505728338515679
4.34294	0.16116045513052235	4.504100455130522
4.32253	0.17975475057921564	4.502284750579216
4.30212	0.19816310307342366	4.500283103073424
4.3	0.19828027204269016	4.49828027204269
4.3	0.19629746932226322	4.496297469322263
4.3	0.1943344946290404	4.49433449462904
4.3	0.1923911496827504	4.49239114968275
4.31105	0.17952773818592327	4.490577738185923
4.32338	0.1655257608040639	4.488905760804064
4.33571	0.15166380319602357	4.487373803196023
4.34803	0.13795036516406345	4.485980365164063
4.36036	0.12436416151242202	4.484724161512422
4.37269	0.11091381989729765	4.483603819897298
4.38502	0.09759798169832479	4.482617981698325
4.39	0.09169180188134174	4.481691801881341
4.39	0.09077488386252774	4.480774883862527
4.39	0.0898671350239022	4.479867135023902
4.39	0.0889684636736634	4.478968463673663
4.39	0.08807877903692685	4.4780787790369265
4.39	0.08719799124655747	4.477197991246557
4.39	0.08632601133409157	4.476326011334091
4.39	0.0854627512207502	4.47546275122075
4.39	0.08460812370854232	4.474608123708542
4.39	0.08376204247145669	4.473762042471456
4.39	0.08292442204674177	4.4729244220467415
4.39	0.0820951778262744	4.472095177826274
4.39	0.08127422604801104	4.471274226048011
4.39	0.0804614837875306	4.47046148378753
4.39	0.07965686894965529	4.469656868949655
4.39	0.07886030026015867	4.468860300260158
4.39	0.07807169725755703	4.468071697257557
4.39	0.07729098028498083	4.4672909802849805
4.39	0.07651807048213044	4.46651807048213
4.39	0.0757528897773092	4.465752889777309
4.39	0.07499536087953551	4.464995360879535
4.39	0.07424540727074014	4.46424540727074
4.39	0.0735029531980329	4.463502953198033
4.39	0.07276792366605278	4.4627679236660525
4.39	0.07204024442939172	4.462040244429391
4.39	0.07131984198509755	4.461319841985097
4.39	0.07060664356524615	4.460606643565246
4.39	0.06990057712959352	4.459900577129593
4.39	0.06920157135829719	4.459201571358297
4.39	0.06850955564471395	4.458509555644714
4.39	0.06782446008826692	4.457824460088267
4.39	0.06714621548738364	4.457146215487383
4.39	0.06647475333250963	4.456474753332509
4.39	0.06581000579918417	4.455810005799184
4.39	0.06515190574119245	4.455151905741192
4.39	0.06450038668377989	4.45450038668378
4.39	0.06385538281694192	4.453855382816942
4.39	0.06321682898877246	4.453216828988772
4.39	0.06258466069888424	4.452584660698884
4.39	0.061958814091894965	4.451958814091895
4.39	0.06133922595097552	4.451339225950975
4.39	0.06072583369146578	4.4507258336914655
4.39	0.060118575354550785	4.4501185753545505
4.39	0.05951738960100528	4.449517389601005
4.39	0.05892221570499512	4.448922215704995
4.39	0.0583329935479453	4.448332993547945
4.39	0.057749663612465696	4.447749663612465
4.39	0.057172166976340755	4.44717216697634
4.39	0.05660044530657693	4.446600445306577
4.39	0.05603444085351139	4.446034440853511
4.39	0.05547409644497581	4.4454740964449755
4.38884	0.05606775548052578	4.444907755480526
4.37541	0.06880277792572098	4.444212777925721
4.36198	0.0814104501464632	4.443390450146463
4.34854	0.09390194564499854	4.442441945644998
4.33511	0.10625862618854764	4.441368626188548
4.32168	0.11849173992666273	4.4401717399266625
4.30825	0.13060252252739524	4.438852522527395
4.3	0.1374639973021221	4.437463997302122
4.3	0.13608935732910066	4.4360893573291005
4.3	0.1347284637558097	4.4347284637558095
4.3	0.13338117911825176	4.433381179118252
4.3	0.13204736732706923	4.432047367327069
4.30284	0.12791529365379883	4.430755293653799
4.31809	0.11153864071726094	4.429628640717261
4.33335	0.09531585431008782	4.428665854310088
4.3486	0.07926519576698698	4.427865195766987
4.36386	0.06336514380931746	4.427225143809317
4.37911	0.047633992371224565	4.426743992371224
4.39	0.03637655244751237	4.426376552447512
4.39	0.03601278692303733	4.426012786923037
4.39	0.03565265905380688	4.425652659053807
4.39	0.03529613246326857	4.425296132463268
4.39	0.034943171138635876	4.4249431711386356
4.39	0.034593739427249304	4.424593739427249
4.39	0.034247802032976615	4.424247802032976
4.39	0.03390532401264679	4.4239053240126465
4.39	0.03356627077252039	4.42356627077252
4.39	0.03323060806479461	4.423230608064794
4.39	0.03289830198414645	4.422898301984146
4.39	0.03256931896430437	4.422569318964304
4.39	0.03224362577466078	4.4222436257746605
4.39	0.031921189516913806	4.4219211895169135
4.39	0.03160197762174466	4.421601977621744
4.39	0.0312859578455269	4.421285957845527
4.39	0.030973098267071286	4.420973098267071
4.39	0.030663367284400778	4.4206633672844005
4.39	0.030356733611556663	4.420356733611556
4.39	0.03005316627544108	4.420053166275441
4.39	0.02975263461268618	4.419752634612686
4.39	0.029455108266558838	4.4194551082665585
4.39	0.029160557183892877	4.419160557183893
4.39	0.02886895161205416	4.418868951612054
4.39	0.02858026209593323	4.418580262095933
4.39	0.028294459474973443	4.418294459474973
4.39	0.028011514880223132	4.418011514880223
4.39	0.02773139973142058	4.41773139973142
4.39	0.02745408573410657	4.417454085734106
4.39	0.027179544876765327	4.417179544876765
4.39	0.02690774942799745	4.416907749427997
4.39	0.02663867193371683	4.4166386719337165
4.39	0.02637228521437951	4.416372285214379
4.39	0.026108562362235688	4.416108562362235
4.39	0.025847476738612762	4.415847476738612
4.39	0.02558900197122682	4.4155890019712265
4.39	0.025333111951514553	4.415333111951514
4.39	0.02507978083199891	4.415079780831999
4.39	0.024828983023678752	4.414828983023678
4.39	0.024580693193441583	4.414580693193441
4.39	0.02433488626150737	4.414334886261507
4.39	0.024091537398891916	4.414091537398892
4.39	0.023850622024903068	4.413850622024903
4.39	0.023612115804653833	4.4136121158046535
4.39	0.023375994646607445	4.413375994646607
4.39	0.023142234700141096	4.413142234700141
4.39	0.022910812353139853	4.4129108123531395
4.39	0.022681704229608357	4.412681704229608
4.39	0.02245488718731181	4.4124548871873115
4.39	0.022230338315438303	4.412230338315438
4.39	0.022008034932283316	4.412008034932283
4.39	0.021787954582960012	4.41178795458296
4.39	0.021570075037129932	4.41157007503713
4.39	0.02135437428675857	4.411354374286758
4.39	0.021140830543890488	4.41114083054389
4.39	0.020929422238451068	4.410929422238451
4.39	0.02072012801606604	4.410720128016066
4.39	0.02051292673590499	4.410512926735905
4.39	0.020307797468546163	4.410307797468546
4.39	0.020104719493860834	4.4101047194938605
4.39	0.01990367229892165	4.409903672298921
4.39	0.019704635575932272	4.409704635575932
4.39	0.01950758922017304	4.409507589220173
4.39	0.01931251332797146	4.409312513327971
4.39	0.01911938819469139	4.409119388194691
4.39	0.018928194312744395	4.408928194312744
4.39	0.01873891236961711	4.408738912369617
4.39	0.018551523245920798	4.4085515232459205
4.39	0.018366008013461332	4.408366008013461
4.39	0.01818234793332607	4.408182347933326
4.39	0.018000524453992917	4.408000524453993
4.39	0.017820519209452712	4.407820519209452
4.39	0.017642314017358274	4.407642314017358
4.39	0.017465890877184087	4.407465890877184
4.39	0.017291231968411758	4.407291231968411
4.39	0.01711831964872701	4.407118319648727
4.39	0.016947136452239775	4.4069471364522395
4.39	0.016777665087717608	4.406777665087717
4.39	0.016609888436840414	4.40660988843684
4.39	0.016443789552472055	4.406443789552472
4.39	0.01627935165694705	4.406279351656947
4.39	0.016116558140377713	4.406116558140377
4.39	0.015955392558973713	4.405955392558973
4.39	0.015795838633383852	4.4057958386333835
4.39	0.015637880247049374	4.405637880247049
4.39	0.015481501444578605	4.405481501444578
4.39	0.015326686430132241	4.405326686430132
4.39	0.015173419565830848	4.4051734195658305
4.39	0.015021685370172122	4.405021685370172
4.39	0.014871468516470365	4.40487146851647
4.39	0.014722753831305724	4.404722753831305
4.39	0.01457552629299208	4.404575526292992
4.39	0.014429771030061822	4.4044297710300615
4.39	0.014285473319761266	4.404285473319761
4.41944	-0.015002981413435812	4.404437018586564
4.44929	-0.044404451599302064	4.404885548400698
4.47914	-0.07351190708330879	4.405628092916691
4.50899	-0.10232828801247607	4.406661711987524
4.53884	-0.13085650513235159	4.407983494867649
4.56869	-0.15909944008102794	4.409590559918972
4.59	-0.1786053456802179	4.411394654319782
4.59	-0.1768192922234162	4.413180707776584
4.59	-0.17505109930118223	4.414948900698818
4.59	-0.1733005883081704	4.4166994116918294
4.59	-0.17156758242508907	4.418432417574911
4.59	-0.16985190660083838	4.4201480933991615
4.59	-0.16815338753483022	4.42184661246517
4.59	-0.16647185365948225	4.423528146340518
4.59	-0.1648071351228877	4.425192864877112
4.59	-0.16315906377165934	4.4268409362283405
4.59	-0.1615274731339431	4.428472526866057
4.59	-0.15991219840260396	4.430087801597396
4.59	-0.15831307641857872	4.431686923581421
4.59	-0.15672994565439335	4.4332700543456065
4.59	-0.1551626461978497	4.43483735380215
4.59	-0.15361101973587132	4.4363889802641285
4.59	-0.15207490953851277	4.437925090461487
4.59	-0.15055416044312775	4.439445839556872
4.59	-0.14904861883869724	4.440951381161303
4.59	-0.14755813265031037	4.4424418673496895
4.59	-0.14608255132380776	4.443917448676192
4.59	-0.14462172581056976	4.44537827418943
4.59	-0.14317550855246441	4.446824491447535
4.59	-0.14174375346694035	4.4482562465330595
4.59	-0.1403263159322714	4.4496736840677285
4.59	-0.1389230527729488	4.451076947227051
4.59	-0.13753382224521982	4.45246617775478
4.59	-0.13615848402276765	4.453841515977232
4.59	-0.13479689918254056	4.455203100817459
4.59	-0.13344893019071602	4.456551069809284
4.59	-0.13211444088880953	4.45788555911119
4.59	-0.1307932964799221	4.459206703520078
4.59	-0.12948536351512363	4.460514636484876
4.59	-0.12819050987997294	4.461809490120027
4.59	-0.12690860478117383	4.463091395218826
4.59	-0.12563951873336254	4.464360481266637
4.59	-0.12438312354602932	4.4656168764539705
4.59	-0.12313929231056964	4.46686070768943
4.59	-0.12190789938746427	4.468092100612536
4.59	-0.12068882039358986	4.46931117960641
4.59	-0.11948193218965475	4.470518067810345
4.59	-0.11828711286775828	4.471712887132242
4.59	-0.11710424173908152	4.472895758260918
4.59	-0.11593319932169077	4.474066800678309
4.59	-0.11477386732847439	4.4752261326715255
4.59	-0.1136261286551905	4.476373871344809
4.59	-0.1124898673686392	4.477510132631361
4.59	-0.1113649686949536	4.478635031305046
4.59	-0.11025131900800478	4.479748680991995
4.59	-0.10914880581792552	4.480851194182074
4.59	-0.10805731775974703	4.481942682240253
4.59	-0.10697674458215012	4.48302325541785
4.60144	-0.1172325771363294	4.484207422863671
4.6181	-0.1325536513649661	4.485546348635034
4.63477	-0.14773141485131625	4.487038585148683
4.65144	-0.16275740070280342	4.488682599297197
4.6681	-0.17762322669577468	4.490476773304225
4.68477	-0.19235029442881757	4.492419705571183
4.70144	-0.20693009148452912	4.494509908515471
4.7181	-0.22135419056968342	4.496745809430316
4.73477	-0.23564394866398697	4.499126051336013
4.75144	-0.24979080917734642	4.501649190822653
4.7681	-0.263786301085573	4.504313698914427
4.78477	-0.27765173807471744	4.5071182619252825
4.79	-0.28005292069397036	4.50994707930603
4.79	-0.2772523914870302	4.51274760851297
4.79	-0.27447986757215936	4.515520132427841
4.79	-0.2717350688964375	4.5182649311035625
4.79	-0.2690177182074729	4.520982281792527
4.79	-0.26632754102539824	4.523672458974602
4.79	-0.26366426561514444	4.526335734384856
4.79	-0.2610276229589932	4.528972377041007
4.79	-0.2584173467294031	4.531582653270597
4.79	-0.25583317326210864	4.534166826737891
4.79	-0.2532748415294872	4.536725158470513
4.79	-0.2507420931141917	4.539257906885808
4.79	-0.24823467218304973	4.54176532781695
4.79	-0.24575232546121928	4.544247674538781
4.79	-0.2432948022066066	4.546705197793393
4.79	-0.24086185418454065	4.549138145815459
4.79	-0.23845323564269538	4.551546764357305
4.79	-0.23606870328626783	4.553931296713732
4.79	-0.23370801625340487	4.556291983746595
4.79	-0.23137093609087067	4.558629063909129
4.79	-0.22905722672996198	4.560942773270038
4.79	-0.2267666544626623	4.563233345537338
4.79	-0.22449898791803502	4.565501012081965
4.79	-0.22225399803885448	4.5677460019611456
4.79	-0.22003145805846547	4.569968541941535
4.79	-0.21783114347788057	4.5721688565221195
4.79	-0.21565283204310148	4.5743471679568986
4.79	-0.21349630372267026	4.57650369627733
4.79	-0.21136134068544354	4.5786386593145565
4.79	-0.20924772727858887	4.580752272721411
4.80433	-0.2213419500058036	4.582988049994197
4.85441	-0.2687077305057448	4.585702269494255
4.9045	-0.31560975320068785	4.588890246799312
4.95458	-0.3620328556686818	4.592547144331318
5.00466	-0.4079917271119955	4.596668272888005
5.05475	-0.45350090984087554	4.601249090159125
5.09	-0.48386340074246625	4.606136599257534
5.09	-0.4790247667350416	4.610975233264958
5.09	-0.4742345190676911	4.615765480932309
5.09	-0.4694921738770139	4.620507826122986
5.09	-0.4647972521382435	4.625202747861756
5.09	-0.4601492796168607	4.629850720383139
5.09	-0.4555477868206914	4.634452213179308
5.09	-0.4509923089524843	4.6390076910475155
5.09	-0.44648238586295896	4.643517614137041
5.09	-0.4420175620043292	4.647982437995671
5.09	-0.4375973863842857	4.652402613615714
5.09	-0.43322141252044233	4.6567785874795575
5.09	-0.42888919839523787	4.661110801604762
5.09	-0.42460030641128554	4.665399693588714
5.09	-0.42035430334717194	4.669645696652828
5.09	-0.4161507603137	4.6738492396863
5.09	-0.41198925271056286	4.678010747289437
5.09	-0.4078693601834571	4.682130639816543
5.09	-0.40379066658162177	4.686209333418378
5.09	-0.3997527599158053	4.690247240084195
5.09	-0.3957552323166471	4.694244767683353
5.09	-0.3917976799934806	4.698202320006519
5.09	-0.38787970319354503	4.702120296806455
5.09	-0.3840009061616092	4.705999093838391
5.09	-0.38016089709999257	4.709839102900007
5.09	-0.37635928812899255	4.713640711871007
5.09	-0.37259569524770253	4.717404304752297
5.09	-0.36886973829522507	4.721130261704775
5.09	-0.36518104091227244	4.724818959087727
5.09	-0.361529230503149	4.728470769496851
5.09	-0.35791393819811734	4.7320860618018825
5.09	-0.3543347988161356	4.735665201183864
5.09	-0.35079145082797414	4.739208549172026
5.09	-0.34728353631969444	4.742716463680305
5.09	-0.3438107009564968	4.746189299043503
5.09	-0.3403725939469311	4.749627406053069
5.09	-0.3369688680074612	4.753031131992539
5.09	-0.33359917932738625	4.756400820672614
5.09	-0.3302631875341122	4.759736812465888
5.09	-0.32696055565877113	4.763039444341229
5.09	-0.32369095010218274	4.766309049897817
5.09	-0.32045404060116045	4.769545959398839
5.09	-0.31724950019514875	4.772750499804851
5.09	-0.31407700519319715	4.775922994806803
5.09	-0.31093623514126456	4.779063764858735
5.09	-0.30782687278985144	4.782173127210148
5.09	-0.3047486040619525	4.785251395938047
5.09	-0.3017011180213327	4.788298881978667
5.09	-0.2986841068411188	4.791315893158881
5.09	-0.2956972657727075	4.794302734227292
5.09	-0.2927402931149805	4.797259706885019
5.09	-0.28981289018383016	4.80018710981617
5.09	-0.28691476128199156	4.803085238718008
5.09	-0.28404561366917136	4.8059543863308285
5.09	-0.28120515753247943	4.80879484246752
5.09	-0.2783931059571545	4.811606894042845
5.09	-0.27560917489758285	4.814390825102417
5.09	-0.2728530831486067	4.817146916851393
5.09	-0.27012455231712007	4.81987544768288
5.09	-0.26742330679394843	4.822576693206051
5.09	-0.26474907372600853	4.825250926273991
5.09	-0.2621015829887483	4.8278984170112516
5.09	-0.25948056715886025	4.83051943284114
5.09	-0.25688576148727105	4.833114238512729
5.09	-0.2543169038723976	4.835683096127602
5.09	-0.25177373483367305	4.838226265166327
5.09	-0.2492559974853359	4.840744002514664
5.09	-0.24676343751048258	4.843236562489517
5.09	-0.24429580313537702	4.845704196864623
5.09	-0.24185284510402294	4.848147154895977
5.09	-0.2394343166529822	4.850565683347018
5.09	-0.23703997348645167	4.852960026513548
5.09	-0.23466957375158692	4.855330426248413
5.09	-0.23232287801407114	4.857677121985929
5.09	-0.22999964923393001	4.86000035076607
5.09	-0.22769965274159	4.86230034725841
5.09	-0.22542265621417368	4.864577343785826
5.09	-0.22316842965203154	4.866831570347968
5.09	-0.22093674535551067	4.869063254644489
5.09	-0.2187273779019554	4.8712726220980445
5.09	-0.21654010412293534	4.8734598958770645
5.09	-0.21437470308170603	4.875625296918294
5.09431	-0.21649785605089011	4.87781214394911
5.11632	-0.23612277749038046	4.8801972225096195
5.13832	-0.2555415497154767	4.8827784502845235
5.16032	-0.2747661342183214	4.885553865781678
5.18232	-0.29379847287613803	4.888521527123862
5.20433	-0.3126503881473761	4.891679611852624
5.22633	-0.3313038842659024	4.8950261157340975
5.24833	-0.34977084542324377	4.898559154576756
5.27033	-0.3680531369690119	4.9022768630309885
5.29	-0.38384590559932086	4.906154094400679
5.28554	-0.37559204654332756	4.909947953456673
5.27457	-0.3609758260778939	4.913594173922106
5.26359	-0.34649586781711506	4.917094132182885
5.25262	-0.33217060913894425	4.920449390861056
5.24164	-0.3179787030475545	4.923661296952446
5.23066	-0.3039287160170794	4.926731283982921
5.21969	-0.2900291288569079	4.929660871143092
5.20871	-0.2762586375683389	4.932451362431661
5.2	-0.2648731511926563	4.935126848807344
5.2	-0.26222441968072996	4.93777558031927
5.2	-0.2596021754839235	4.940397824516077
5.2	-0.2570061537290851	4.942993846270915
5.2	-0.25443609219179475	4.945563907808205
5.2	-0.2518917312698772	4.948108268730123
5.2	-0.24937281395717914	4.950627186042821
5.2	-0.24687908581760798	4.953120914182392
5.2	-0.24441029495943223	4.955589705040568
5.2	-0.24196619200983793	4.958033807990162
5.2	-0.23954653008973992	4.96045346991026
5.2	-0.23715106478884262	4.9628489352111576
5.2	-0.23477955414095497	4.965220445859045
5.2	-0.2324317585995459	4.967568241400454
5.2	-0.2301074410135513	4.969892558986449
5.2	-0.22780636660341624	4.972193633396584
5.2	-0.22552830293738246	4.974471697062618
5.2	-0.2232730199080093	4.976726980091991
5.2	-0.22104028970893008	4.97895971029107
5.2	-0.21882988681184123	4.981170113188159
5.2	-0.21664158794372312	4.983358412056277
5.2	-0.21447517206428657	4.985524827935714
5.2	-0.21233042034364402	4.987669579656356
5.2	-0.21020711614020815	4.989792883859792
5.2	-0.20810504497880622	4.991894955021194
5.2	-0.20602399452901832	4.993976005470982
5.2	-0.20396375458372873	4.9960362454162714
5.2	-0.20192411703789226	4.998075882962108
5.2	-0.1999048758675137	5.0000951241324865
5.2	-0.19790582710883875	5.002094172891161
5.2	-0.19592676883775084	5.004073231162249
5.2	-0.19396750114937422	5.006032498850626
5.2	-0.19202782613788116	5.007972173862119
5.20091	-0.19100844787650217	5.009901552123498
5.21038	-0.19847366339773664	5.011906336602263
5.21986	-0.20587412676376005	5.01398587323624
5.22933	-0.21319068549612297	5.016139314503877
5.23881	-0.2204439786411614	5.018366021358839
5.24828	-0.2276148388547501	5.02066516114525
5.25775	-0.23471399046620256	5.023036009533797
5.26723	-0.2417520505615407	5.025477949438459
5.2767	-0.24870983005592517	5.027990169944075
5.28617	-0.25559803175536633	5.030571968244634
5.29	-0.25683375143781273	5.033166248562187
5.28075	-0.24510791392343467	5.035642086076566
5.26523	-0.2272920347841998	5.0379379652158
5.24972	-0.20966421443635763	5.040055785563642
5.2342	-0.1922027722919939	5.0419972277080065
5.21868	-0.1749159445690731	5.043764055430927
5.20316	-0.15780198512338206	5.0453580148766175
5.2	-0.15309556527214951	5.046904434727851
5.21453	-0.16594930961942733	5.0485806903805726
5.23541	-0.18496101652323382	5.050448983476766
5.25629	-0.2037826063580015	5.052507393641998
5.27717	-0.22241598029442144	5.0547540197055785
5.29805	-0.240863020491477	5.057186979508523
5.31893	-0.2591255902865628	5.059804409713437
5.33981	-0.27720553438369766	5.062604465616302
5.36069	-0.29510467903986104	5.065585320960139
5.38157	-0.3128248322494622	5.068745167750538
5.39	-0.31804228392696743	5.071957716073032
5.39	-0.31486186108769854	5.075138138912301
5.39	-0.31171324247682186	5.078286757523178
5.39	-0.30859611005205423	5.0814038899479455
5.39	-0.3055101489515337	5.084489851048466
5.39	-0.30245504746201846	5.087544952537981
5.39	-0.2994304969873989	5.090569503012601
5.39	-0.29643619201752536	5.093563807982474
5.39	-0.29347183009735023	5.0965281699026495
5.39	-0.2905371117963771	5.099462888203623
5.39	-0.2876317406784139	5.102368259321586
5.39	-0.28475542327162984	5.10524457672837
5.39	-0.28190786903891407	5.108092130961086
5.39	-0.2790887903485251	5.110911209651475
5.39	-0.27629790244504004	5.11370209755496
5.39	-0.2735349234205904	5.116465076579409
5.39	-0.2707995741863849	5.119200425813615
5.39	-0.2680915784445217	5.121908421555478
5.39	-0.2654106626600772	5.1245893373399225
5.39	-0.2627565560334766	5.127243443966523
5.39	-0.26012899047314253	5.129871009526857
5.39	-0.2575277005684118	5.132472299431588
5.39	-0.2549524235627283	5.135047576437271
5.39	-0.2524028993271017	5.137597100672898
5.39	-0.2498788703338315	5.140121129666168
5.39	-0.2473800816304932	5.1426199183695065
5.39	-0.24490628081418908	5.145093719185811
5.39	-0.2424572180060478	5.147542781993952
5.39	-0.2400326458259876	5.149967354174012
5.39	-0.23763231936772833	5.152367680632271
5.39	-0.23525599617405124	5.154744003825948
5.39	-0.23290343621231102	5.157096563787689
5.39	-0.23057440185018852	5.159425598149811
5.39	-0.22826865783168682	5.161731342168313
5.39	-0.22598597125337072	5.164014028746629
5.39	-0.2237261115408371	5.166273888459163
5.39	-0.22148885042542954	5.16851114957457
5.39	-0.21927396192117588	5.170726038078824
5.39	-0.2170812223019647	5.172918777698035
5.39	-0.21491041007894562	5.175089589921054
5.39	-0.212761305978157	5.177238694021843
5.39	-0.21063369291837564	5.179366307081624
5.39	-0.20852735598919203	5.181472644010808
5.39	-0.20644208242930073	5.183557917570699
5.39	-0.20437766160500814	5.1856223383949915
5.39	-0.20233388498895888	5.187666115011041
5.39	-0.20031054613906996	5.18968945386093
5.39	-0.1983074406776799	5.19169255932232
5.39	-0.1963243662709031	5.193675633729097
5.39	-0.1943611226081945	5.195638877391805
5.39	-0.19241751138211338	5.197582488617886
5.39	-0.19049333626829235	5.199506663731707
5.39	-0.18858840290560952	5.20141159709439
5.39	-0.18670251887655365	5.203297481123446
5.39	-0.18483549368778895	5.205164506312211
5.39	-0.18298713875091188	5.207012861249088
5.39	-0.1811572673634032	5.2088427326365965
5.39	-0.17934569468976935	5.21065430531023
5.39	-0.177552237742872	5.212447762257128
5.39	-0.17577671536544326	5.214223284634556
5.39	-0.17401894821178931	5.21598105178821
5.39	-0.17227875872967147	5.217721241270328
5.39	-0.17055597114237475	5.219444028857625
5.39	-0.16885041143095147	5.221149588569048
5.39	-0.16716190731664238	5.222838092683357
5.39	-0.16549028824347634	5.224509711756523
5.39	-0.16383538536104236	5.226164614638957
5.39	-0.16219703150743214	5.2278029684925675
5.39	-0.16057506119235843	5.229424938807641
5.39	-0.15896931058043506	5.231030689419565
5.39	-0.15737961747463114	5.2326203825253685
5.39021	-0.15601372129988444	5.234196278700115
5.4251	-0.1889946840868859	5.236105315913114
5.45998	-0.22163593724601682	5.238344062753983
5.49486	-0.25395077787355635	5.240909222126444
5.52975	-0.28595237009482055	5.243797629905179
5.56463	-0.3176240463938722	5.247005953606128
5.59952	-0.34898890592993315	5.250531094070067
5.6344	-0.380030216870634	5.254369783129366
5.66928	-0.410761114701927	5.258518885298073
5.69	-0.4271663035549089	5.2628336964450915
5.71354	-0.44619924051936	5.26734075948064
5.74687	-0.47473394811416636	5.272136051885834
5.7802	-0.5029833086330244	5.277216691366975
5.81354	-0.5309600755466937	5.282579924453306
5.84687	-0.5586471747912274	5.288222825208773
5.8802	-0.5860574030433154	5.294142596956685
5.91354	-0.6132034290128825	5.300336570987118
5.94687	-0.6400680947227535	5.306801905277246
5.9802	-0.6666641137755258	5.313535886224474
5.99	-0.6696994726377712	5.320300527362229
5.99	-0.6630024779113937	5.3269975220886066
5.99	-0.6563724531322803	5.33362754686772
5.99	-0.6498087286009575	5.340191271399043
5.99	-0.6433106413149483	5.346689358685052
5.99	-0.6368775349017994	5.353122465098201
5.99	-0.6305087595527814	5.359491240447219
5.99	-0.6242036719572539	5.365796328042746
5.99	-0.6179616352376813	5.372038364762319
5.99	-0.6117820188853047	5.3782179811146955
5.99	-0.6056641986964522	5.384335801303548
5.99175	-0.6013400567094873	5.390409943290512
6.00068	-0.6041673561423924	5.396512643857608
6.00961	-0.6069663825809686	5.402643617419032
6.01854	-0.6097374187551585	5.408802581244841
6.02747	-0.6124807445676073	5.414989255432393
6.03639	-0.6151867371219311	5.421203262878069
6.04532	-0.6178755697507121	5.427444430249288
6.05425	-0.6205375140532041	5.433712485946796
6.06318	-0.6231728389126721	5.440007161087328
6.07211	-0.6257818105235451	5.446328189476455
6.08104	-0.6283646924183088	5.452675307581691
6.08997	-0.6309217454941258	5.459048254505874
6.0918	-0.626424228039185	5.465375771960815
6.11049	-0.6386630857587932	5.471826914241207
6.12918	-0.6507795549012041	5.478400445098796
6.14787	-0.6627748593521918	5.485095140647808
6.16656	-0.6746502107586689	5.491909789241331
6.18525	-0.6864068086510828	5.498843191348917
6.20395	-0.6980557405645715	5.505894259435428
6.22264	-0.7095782831589261	5.513061716841074
6.24133	-0.720985600327336	5.5203443996726635
6.26002	-0.7322788443240631	5.527741155675937
6.27871	-0.7434591558808226	5.535250844119178
6.29	-0.7472016643220138	5.542798335677986
6.33488	-0.7841608476787938	5.550719152321206
6.38496	-0.8258984392020059	5.5590615607979945
6.43505	-0.8672285548099863	5.567821445190014
6.48513	-0.9081354692618859	5.576994530738114
6.53521	-0.9486333145692676	5.586576685430733
6.5853	-0.9887360814235748	5.596563918576425
6.59	-0.9835017206093388	5.606498279390661
6.60075	-0.9843092034032459	5.616440796596754
6.65293	-1.0261243113692133	5.626805688630786
6.7051	-1.0675113682555217	5.637588631744478
6.75728	-1.1084944545729662	5.6487855454270335
6.80945	-1.1490578100272373	5.660392189972763
6.86162	-1.1892155319269655	5.672404468073035
6.9138	-1.228981576607696	5.684818423392304
6.96597	-1.268340060841619	5.697629939158381
7.01814	-1.3073049602332025	5.710835039766797
7.07032	-1.3458901106308705	5.724429889369129
7.12249	-1.384079509524562	5.738410490475438
7.17467	-1.4218969144293157	5.752773085570684
7.19	-1.4228546452850228	5.767145354714978
7.23824	-1.4563836988321723	5.781856301167828
7.33355	-1.5361767618438504	5.797373238156149
7.42886	-1.615171894225412	5.813688105774588
7.52418	-1.6933869752831585	5.830793024716842
7.61949	-1.7708100055303264	5.8486799944696735
7.7148	-1.8474588054750232	5.867341194524977
7.8	-1.9133322174202725	5.886667782579727
7.80627	-1.9004061952460694	5.90586380475393
7.8217	-1.8966778332936087	5.925022166706391
7.83714	-1.8929966549606725	5.944143345039327
7.85257	-1.889342388411066	5.963227611588934
7.86801	-1.8857345645269552	5.982275435473045
7.88344	-0.1882152918881686	7.695224708111832
7.89888	-0.18786169896928692	7.711018301030713
7.91431	-0.18751065197959413	7.726799348020406
7.92974	-0.18716311545979814	7.742576884540202
7.94518	-0.18682004430520013	7.758359955694799
7.96061	-0.18647941386214814	7.774130586137852
7.97605	-0.18614317972352667	7.789906820276473
7.99	-0.1856627979262914	7.804337202073709
7.99	-0.18380616994702842	7.806193830052972
8.09123	-0.19198987824755812	7.899240121752442
8.26104	-0.2068811694650825	8.054158830534917
8.43085	-0.22162354777043172	8.209226452229569
8.60066	-0.23621850229272737	8.364441497707272
8.77047	-0.2506675072698001	8.5198024927302
8.89	-0.25999430219710223	8.630005697802899
8.99011	-0.2673052491751311	8.722804750824869
9.15806	-0.28125924668337987	8.87680075331662
9.32601	-0.295073704216546	9.030936295783453
9.49396	-0.30875001717438044	9.185209982825619
9.66191	-0.32228956700263683	9.339620432997364
9.82986	-0.3356937213326104	9.49416627866739
9.99781	-0.34896383411928417	9.648846165880716
10.1658	-0.3621052057780915	9.80369479422191
10.2	-0.3618699537203104	9.838130046279689
10.2	-0.3582512541831072	9.841748745816892
10.2881	-0.3633906416412762	9.924709358358724
10.4147	-0.3722901352248634	10.042409864775136
10.5413	-0.3811006338726148	10.160199366127385
10.6679	-0.3898230275338886	10.278076972466112
10.7944	-0.39844829725854974	10.39595170274145
10.921	-0.40699721428596425	10.514002785714036
11.0476	-0.41546064214310463	10.632139357856895
11.1742	-0.42383943572167376	10.750360564278328
11.2	-0.42215524136445687	10.777844758635542
11.2	-0.4179336889508123	10.782066311049187
11.2	-0.4137543520613042	10.786245647938696
11.2	-0.40961680854069116	10.790383191459307
11.2	-0.40552064045528424	10.794479359544715
11.2	-0.4014654340507313	10.798534565949268
11.2	-0.397450779710224	10.802549220289775
11.2	-0.3934762719131218	10.806523728086878
11.2	-0.38954150919399055	10.810458490806008
11.2	-0.38564609410205064	10.81435390589795
11.2	-0.38178963316103015	10.818210366838969
11.2	-0.37797173682941987	10.82202826317058
11.1798	-0.37219221946112574	10.807607780538875
11.1398	-0.3645102972665144	10.775289702733485
11.0998	-0.35690519429384926	10.74289480570615
11.0598	-0.34937614235091063	10.710423857649088
11.0198	-0.3419223809274017	10.677877619072598
10.9798	-0.33454315711812765	10.64525684288187
10.9398	-0.3272377255469465	10.612562274453053
10.8998	-0.3200053482914772	10.579794651708523
10.8598	-0.3128452948085624	10.546954705191437
10.8198	-0.30575684186047686	10.514043158139524
10.7999	-0.30072917344187194	10.499170826558128
10.778	-0.29555378170745333	10.482446218292548
10.7562	-0.2904400438903787	10.465759956109622
10.7343	-0.28536754345147486	10.448932456548524
10.7125	-0.2803556680169602	10.43214433198304
10.6907	-0.27539391133679053	10.41530608866321
10.6688	-0.2704718722234226	10.398328127776576
10.647	-0.2656089535011885	10.381391046498813
10.6252	-0.26079466396617657	10.364405336033823
10.61	-0.2566819173265147	10.353318082673486
10.61	-0.2541150981532496	10.35588490184675
10.61	-0.2515739471717172	10.358426052828282
10.61	-0.2490582077000001	10.3609417923
10.61	-0.2465676256230001	10.363432374377
10.61	-0.24410194936677013	10.365898050633229
10.61	-0.2416609298731025	10.368339070126897
10.61	-0.23924432057437156	10.370755679425628
10.61	-0.23685187736862795	10.373148122631372
10.61	-0.23448335859494165	10.375516641405058
10.61	-0.23213852500899235	10.377861474991008
10.61	-0.2298171397589025	10.380182860241097
10.61	-0.22751896836131352	10.382481031638687
10.61	-0.2252437786777005	10.384756221322299
10.6002	-0.22202114089092345	10.378178859109076
10.5883	-0.21862282948201434	10.369677170517987
10.5763	-0.21524860118719413	10.361051398812805
10.5644	-0.21191801517532216	10.352481984824678
10.5524	-0.20861083502356906	10.343789164976432
10.5405	-0.20534662667333345	10.335153373326666
10.5285	-0.2021051604066001	10.3263948395934
10.5165	-0.19889610880253433	10.317603891197466
10.5046	-0.19572904771450902	10.30887095228549
10.5	-0.19331635723736387	10.306683642762636
10.5627	-0.19759049366499026	10.36510950633501
10.6502	-0.20427708872834033	10.44592291127166
10.7377	-0.21089681784105707	10.526803182158943
10.8252	-0.2174503496626466	10.607749650337354
10.9127	-0.22393834616601982	10.688761653833978
10.99	-0.2293516627043598	10.76064833729564
11.0139	-0.22942424607731607	10.784475753922683
11.0526	-0.23096130361654288	10.821638696383458
11.0914	-0.2324928905803775	10.858907109419622
11.1302	-0.23400916167457364	10.896190838325428
11.1689	-0.23550037005782798	10.933399629942173
11.2077	-0.23698656635724974	10.970713433642752
11.2464	-0.2384480006936771	11.007951999306322
11.2852	-0.2399047206867403	11.04529527931326
11.324	-0.24134687347987305	11.082653126520126
11.3627	-0.24276470474507442	11.119935295254926
11.4015	-0.24417825769762375	11.157321742302377
11.4402	-0.24556777512064745	11.194632224879353
11.479	-0.24695329736944097	11.232046702630559
11.49	-0.24557276439574666	11.244427235604254
11.49	-0.24311703675178917	11.246882963248211
11.49	-0.24068586638427122	11.249314133615728
11.49	-0.2382790077204284	11.251720992279571
11.5494	-0.2417768176432242	11.307623182356776
11.6923	-0.2535061494667918	11.438793850533207
11.8352	-0.26511818797212394	11.570081812027876
11.89	-0.26789220609240266	11.622107793907597
11.8736	-0.2635896840314786	11.610010315968522
11.8343	-0.25706308719116394	11.577236912808837
11.7949	-0.25059185631925235	11.544308143680748
11.7556	-0.24419523775605967	11.51140476224394
11.7162	-0.2378526853784992	11.478347314621502
11.6769	-0.2315834585247142	11.445316541475286
11.6375	-0.2253670239394671	11.412132976060532
11.5981	-0.2192127537000726	11.378887246299929
11.5588	-0.21312992616307175	11.345670073836928
11.5194	-0.20709802690144097	11.312301973098558
11.5	-0.20310644663242652	11.296893553367573
11.5073	-0.20179808216610234	11.3055019178339
11.5175	-0.2007899013444412	11.316710098655559
11.5277	-0.19979180233099658	11.327908197669004
11.538	-0.1988135843076867	11.339186415692314
11.5482	-0.19783524846460968	11.35036475153539
11.5584	-0.19686669597996362	11.361533304020037
11.5686	-0.19590782902016388	11.372692170979835
11.5788	-0.19495855072996218	11.383841449270037
11.589	-0.19401876522266265	11.394981234777338
11.5902	-0.1921973775704359	11.398002622429564
11.6308	-0.1942948037947316	11.43650519620527
11.6713	-0.19636135575678415	11.474938644243217
11.7119	-0.19841714219921622	11.513482857800783
11.7524	-0.2004424707772241	11.551957529222776
11.793	-0.20245744606945185	11.590542553930547
11.8335	-0.20444237160875753	11.629057628391243
11.874	-0.2064074478926699	11.667592552107331
11.89	-0.2059273734137433	11.684072626586257
11.9031	-0.20516499967960586	11.697935000320394
11.9354	-0.2063110496828097	11.72908895031719
11.9676	-0.2074357391859815	11.760164260814017
11.9999	-0.20855908179412186	11.79134091820588
12.0321	-0.20966129097618058	11.82243870902382
12.0644	-0.21076237806641862	11.853637621933581
12.0966	-0.2118425542857546	11.884757445714246
12.1289	-0.21292182874289695	11.915978171257104
12.1612	-0.21399031045546782	11.94720968954453
12.19	-0.2147016073509132	11.975298392649087
12.1941	-0.21296049127740418	11.981139508722597
12.2325	-0.21463248636463012	12.01786751363537
12.271	-0.21629766150098392	12.054702338499016
12.3095	-0.21794618488597398	12.091553815114025
12.3479	-0.21956832303711415	12.128331676962885
12.3864	-0.22118413980674312	12.165215860193257
12.4249	-0.22278379840867563	12.202116201591323
12.4633	-0.22435756042458907	12.23894243957541
12.5018	-0.22592548482034297	12.275874515179657
12.5402	-0.22746782997213977	12.31273217002786
12.5787	-0.2290046516724182	12.34969534832758
12.59	-0.227833305155694	12.362166694844305
12.6277	-0.22928727210413716	12.398412727895863
12.6744	-0.23161769938309576	12.442782300616905
12.7211	-0.23392482238926463	12.487175177610736
12.7679	-0.23621877416537185	12.531681225834628
12.8146	-0.2384798864237183	12.576120113576282
12.8613	-0.24071838755948108	12.62058161244052
12.908	-0.24293450368388625	12.665065496316114
12.9548	-0.24513835864704758	12.709661641352954
13.0015	-0.24731027506057704	12.754189724939422
13.0482	-0.24946047230997126	12.798739527690028
13.09	-0.25110406758687154	12.838895932413129
13.1004	-0.24962262691100287	12.850777373088997
13.1988	-0.2568680006418928	12.941931999358108
13.2972	-0.2640409206354738	13.033159079364527
13.3955	-0.2711322114291191	13.124367788570881
13.4939	-0.27816248931482795	13.215737510685171
13.5922	-0.2851125644216797	13.307087435578321
13.69	-0.29194363877746277	13.398056361222537
13.7277	-0.2927565023896884	13.434943497610313
13.8205	-0.2990161373657914	13.521483862634208
13.9132	-0.30520327599213354	13.607996724007867
14.006	-0.3113384432322123	13.694661556767787
14.0988	-0.3174122587998902	13.78138774120011
14.1916	-0.3234253362118912	13.868174663788109
14.2844	-0.3293782828497722	13.955021717150228
14.3772	-0.3352717000212746	14.041928299978725
14.4699	-0.341096283021062	14.12880371697894
14.5627	-0.3468725201908514	14.215827479809148
14.5961	-0.34671039498894296	14.249389605011057
14.6159	-0.3452034910390534	14.270696508960947
14.6357	-0.34371165612866295	14.291988343871337
14.6555	-0.34223473956737643	14.313265260432624
14.6753	-0.3407725921717026	14.334527407828297
14.6951	-0.3393250662499856	14.355774933750014
14.7149	-0.3378920155874857	14.377007984412515
14.7347	-0.3364732954316109	14.398226704568389
14.7545	-0.3350687624772949	14.419431237522705
14.7743	-0.333678274852522	14.440621725147478
14.79	-0.3318957921039967	14.458104207896003
14.7902	-0.3285966341829569	14.461603365817044
14.8202	-0.3282806678411273	14.491919332158872
14.8502	-0.32796786116271587	14.522232138837284
14.8802	-0.32765818255108886	14.552541817448912
14.9102	-0.3273516007255779	14.582848399274422
14.9402	-0.32704808471832225	14.613151915281678
14.9702	-0.326747603871139	14.643452396128861
15.0002	-0.3264501278324275	14.673749872167573
15.0302	-0.32615562655410335	14.704044373445898
15.0602	-0.32586407028856235	14.734335929711438
15.09	-0.32555562958567674	14.764444370414322
15.09	-0.32230007328982	14.76769992671018
15.1287	-0.32290837255692184	14.805791627443078
15.1835	-0.3251044888313526	14.858395511168649
15.2383	-0.32727864394303907	14.911021356056962
15.2931	-0.32943105750360857	14.963668942496392
15.3479	-0.3315619469285723	15.016338053071427
15.4027	-0.33367152745928674	15.069028472540712
15.4575	-0.335760012184694	15.121739987815305
15.49	-0.33561991206284714	15.154380087937152
15.49	-0.33226371294221874	15.157736287057782
15.49	-0.32894107581279663	15.161058924187204
15.49	-0.32565166505466864	15.164348334945332
15.49	-0.3223951484041219	15.167604851595879
15.49	-0.31917119692008084	15.17082880307992
15.49	-0.31597948495088013	15.17402051504912
15.49	-0.3128196901013713	15.17718030989863
15.49	-0.30969149320035766	15.180308506799642
15.49	-0.30659457826835423	15.183405421731646
15.49	-0.3035286324856708	15.18647136751433
15.49	-0.30049334616081413	15.189506653839185
15.49	-0.29748841269920606	15.192511587300794
15.49	-0.29451352857221397	15.195486471427786
15.49	-0.2915683932864919	15.198431606713509
15.49	-0.28865270935362713	15.201347290646373
15.49	-0.2857661822600909	15.20423381773991
15.49	-0.28290852043749004	15.20709147956251
15.49	-0.28007943523311524	15.209920564766884
15.49	-0.2772786408807841	15.212721359119216
15.49	-0.2745058544719763	15.215494145528023
15.4849	-0.2712558959272565	15.213644104072744
15.4686	-0.266929636967984	15.201670363032017
15.4524	-0.26265654059830423	15.189743459401697
15.4362	-0.258426175192321	15.177773824807678
15.42	-0.2542381134403979	15.165761886559602
15.4037	-0.2500820323059939	15.153617967694007
15.3875	-0.24597741198293388	15.141522588017065
15.3713	-0.2419138378631047	15.129386162136894
15.3551	-0.23789089948447373	15.117209100515527
15.3388	-0.2338982904896291	15.104901709510372
15.3226	-0.22995550758473265	15.092644492415268
15.3064	-0.22605215250888533	15.080347847491115
15.3	-0.22315803098379644	15.076841969016204
15.2823	-0.2191741506739584	15.063125849326042
15.2603	-0.21480440916721905	15.045495590832783
15.2383	-0.21047836507554685	15.027821634924454
15.2163	-0.20619558142479147	15.010104418575208
15.1944	-0.2019655256105434	14.992434474389457
15.1724	-0.19776787035443794	14.974632129645562
15.1504	-0.19361219165089363	14.956787808349105
15.1284	-0.1894980697343847	14.938901930265615
15.1065	-0.18543498903704114	14.921065010962959
15.1	-0.18293713914667065	14.91706286085333
15.0576	-0.1769101677552042	14.880689832244796
15.0049	-0.16992376607765217	14.834976233922347
14.9523	-0.16301712841687568	14.789282871583124
14.8997	-0.15617955713270693	14.743520442867293
14.847	-0.14940046156137984	14.69759953843862
14.8	-0.1432534569457662	14.656746543054235
14.8	-0.14182092237630856	14.658179077623693
14.8	-0.14040271315254546	14.659597286847456
14.8	-0.13899868602102003	14.66100131397898
14.8	-0.13760869916080995	14.662391300839191
14.7367	-0.12996591216920203	14.606734087830798
14.5298	-0.10818315304750979	14.42161684695249
14.3229	-0.08661822151703476	14.236281778482965
14.116	-0.06526893930186439	14.050731060698135
13.9091	-0.04413314990884576	13.864966850091154
13.7022	-0.02320871840975727	13.678991281590243
13.6	-0.012858831225659806	13.58714116877434
13.5828	-0.011027442913403364	13.571772557086597
13.5584	-0.008501568484269306	13.549898431515732
13.534	-0.006000952799426607	13.527999047200574
13.5096	-0.0035253432714322133	13.506074656728568
13.4852	-0.0010744898387178737	13.484125510161283
13.4608	0.013518550596693046	13.474318550596694
13.4364	0.03753936509072631	13.473939365090727
13.412	0.06131997143981849	13.47331997143982
13.4	0.07258677172542072	13.472586771725421
13.4	0.07186090400816703	13.471860904008167
13.4336	0.0378782949680847	13.471478294968085
13.4811	-0.000952548798159647	13.48014745120184
13.5287	-0.005655423310178165	13.523044576689822
13.5763	-0.010311269077076269	13.565988730922923
13.6238	-0.014910656386305378	13.608889343613694
13.6714	-0.01947394982244255	13.651926050177558
13.7189	-0.023981710324218142	13.694918289675782
13.7665	-0.028454293220976014	13.738045706779024
13.79	-0.030496250288766194	13.759503749711232
13.6662	-0.0179350877858786	13.64826491221412
13.5126	-0.002549336908020017	13.510050663091981
13.359	0.12682556461060202	13.485825564610602
13.2054	0.27762130896449655	13.483021308964496
13.0517	0.4270080958748501	13.47870809587485
12.8981	0.5748020149161022	13.472902014916102
12.7445	0.7211179947669404	13.46561799476694
12.5909	0.8659708148192724	13.456870814819272
12.4373	1.0093751066710794	13.44667510667108
12.3	1.1352083556043677	13.435208355604368
12.2284	1.1947402720483247	13.423140272048325
12.087	1.322778869327843	13.409778869327843
11.9456	1.4495370806345633	13.395137080634564
11.8042	1.5750277098282197	13.37922770982822
11.6628	1.6992634327299374	13.362063432729938
11.5214	1.8222567984026394	13.34365679840264
11.3799	1.9441192304186146	13.324019230418614
11.2385	2.0646640381144277	13.303164038114428
11.0971	2.1840033977332833	13.281103397733283
10.9557	2.30214936375595	13.25784936375595
10.9	2.33427087011839	13.23427087011839
10.9	2.3109281614172055	13.210928161417206
10.9	2.2878188798030337	13.187818879803034
10.9	2.2649406910050036	13.164940691005004
10.8617	2.280208284094954	13.141908284094955
10.7367	2.3811562012540044	13.117856201254005
10.6117	2.481094639241464	13.092794639241465
10.4867	2.5800336928490495	13.06673369284905
10.3617	2.677983355920558	13.039683355920559
10.3	2.712286522361353	13.012286522361354
10.3	2.685163657137739	12.98516365713774
10.1812	2.7759240205663627	12.957124020566363
10.05	2.878052780360699	12.9280527803607
9.91887	2.979090952557092	12.897960952557092
9.78772	3.0791385430315206	12.86685854303152
9.65658	3.178175757601206	12.834755757601206
9.52543	3.276232500025195	12.801662500025195
9.39428	3.373308675024944	12.767588675024944
9.26313	3.4694140882746947	12.732544088274695
9.13199	3.564548547391949	12.696538547391949
9.00084	3.6587415619180295	12.65958156191803
8.86969	3.7519926462988487	12.621682646298849
8.73854	3.844311219835861	12.582851219835861
8.7	3.844022707637503	12.544022707637502
8.63338	3.871536280561127	12.504916280561128
8.55074	3.914634517755516	12.465374517755516
8.46809	3.9573116725779602	12.42540167257796
8.38545	3.9995521558521787	12.38500215585218
8.3028	4.041380134293659	12.344180134293659
8.22016	4.0827799329507215	12.302939932950721
8.13751	4.123775633621214	12.261285633621215
8.05487	4.1643514772850025	12.219221477285002
7.97222	4.204531462512152	12.176751462512152
7.88958	4.244299747887031	12.13387974788703
7.80693	4.2836802504081595	12.09061025040816
7.72429	4.3226570479040785	12.046947047904078
7.7	4.303477577425038	12.003477577425038
7.7	4.260442801650787	11.960442801650787
7.58636	4.330341973634279	11.916701973634279
7.4	4.471534953897935	11.871534953897935
7.4	4.426819604358956	11.826819604358956
7.4	4.382551408315367	11.782551408315367
7.4	4.338725894232212	11.738725894232212
7.4	4.295338635289889	11.69533863528989
7.4	4.25238524893699	11.65238524893699
7.4	4.20986139644762	11.60986139644762
7.4	4.167762782483143	11.567762782483143
7.4	4.126085154658311	11.526085154658311
7.4	4.084824303111727	11.484824303111727
7.4	4.04397606008061	11.44397606008061
7.4	4.003536299479803	11.403536299479804
7.4	3.963500936485005	11.363500936485005
7.4	3.923865927120154	11.323865927120154
7.4	3.884627267848952	11.284627267848952
7.4	3.845780995170463	11.245780995170463
7.4	3.807323185218758	11.207323185218758
7.4	3.76924995336657	11.16924995336657
7.4	3.731557453832904	11.131557453832905
7.4	3.694241879294575	11.094241879294575
7.4	3.657299460501628	11.057299460501628
7.4	3.6207264658966114	11.020726465896612
7.4	3.5845192012376454	10.984519201237646
7.4	3.5486740092252695	10.94867400922527
7.4	3.5131872691330166	10.913187269133017
7.4	3.478055396441686	10.878055396441686
7.4	3.443274842477269	10.84327484247727
7.4	3.4088420940524955	10.808842094052496
7.4	3.37475367311197	10.77475367311197
7.4	3.34100613638085	10.74100613638085
7.4	0.3307596075017042	7.730759607501705
7.4	0.32745201142668706	7.727452011426688
7.4	0.3241774913124202	7.72417749131242
7.37704	0.323208756399296	7.700248756399296
7.31907	0.325715698835303	7.644785698835303
7.2611	0.3281975718469499	7.5892975718469495
7.20312	0.3306556161284803	7.53377561612848
7.14515	0.33308808996719547	7.478238089967196
7.08718	0.3354962390675235	7.422676239067523
7.02921	0.3378803066768483	7.3670903066768485
7.0	0.33739329361007986	7.33739329361008
7.0	0.334019360673979	7.334019360673979
7.0	0.3306791670672393	7.330679167067239
7.0	0.32737237539656694	7.327372375396567
6.99377	0.32471542164260137	7.318485421642601
6.96203	0.3246105274261753	7.286640527426176
6.93028	0.32450767215191373	7.254787672151913
6.89854	0.3244048554303947	7.222944855430394
6.86679	0.32430405687609076	7.191094056876091
6.83504	0.32420426630732985	7.15924426630733
6.8033	0.3241044836442566	7.1274044836442565
6.8	0.32119013880781405	7.121190138807814
6.8	0.3179782374197358	7.117978237419735
6.8	0.3147984550455385	7.1147984550455385
6.8	0.31165047049508304	7.111650470495083
6.8	0.30853396579013215	7.108533965790132
6.8	0.3054486261322308	7.1054486261322305
6.8	0.30239413987090835	7.102394139870908
6.8	0.2993701984721992	7.099370198472199
6.8	0.29637649648747705	7.096376496487477
6.8	0.2934127315226022	7.093412731522602
6.8	0.2904786042073762	7.090478604207376
6.8	0.2875738181653024	7.0875738181653025
6.8	0.2846980799836493	7.084698079983649
6.8	0.2818510991838129	7.081851099183813
6.8	0.27903258819197463	7.079032588191975
6.8	0.2762422623100549	7.076242262310055
6.8	0.2734798396869542	7.073479839686954
6.8	0.27074504129008464	7.070745041290085
6.8	0.2680375908771837	7.068037590877184
6.8	0.2653572149684119	7.065357214968412
6.8	0.2627036428187277	7.062703642818727
6.8	0.2600766063905405	7.06007660639054
6.8	0.257475840326635	7.057475840326635
6.83841	0.2510984919233687	7.089508491923368
6.8808	0.244390897004135	7.125190897004135
6.92319	0.2377503780340936	7.160940378034094
6.96558	0.23117626425375262	7.196756264253753
7.00798	0.22466690161121505	7.232646901611215
7.05037	0.21822362259510292	7.268593622595103
7.09276	0.2118447763691517	7.3046047763691515
7.13515	0.20552971860546015	7.34067971860546
7.17754	0.19927781141940556	7.376817811419405
7.19	0.1960514933052113	7.386051493305212
7.19	0.19409097837215913	7.38409097837216
7.19	0.19215006858843742	7.382150068588437
7.19	0.19022856790255294	7.380228567902553
7.19	0.18832628222352732	7.378326282223528
7.19	0.18644301940129193	7.376443019401292
7.19	0.18457858920727893	7.374578589207279
7.19	0.18273280331520614	7.372732803315206
7.19	0.18090547528205408	7.370905475282054
7.19	0.1790964205292334	7.3690964205292335
7.19	0.177305456323941	7.367305456323941
7.19	0.17553240176070153	7.365532401760702
7.19	0.17377707774309448	7.363777077743094
7.19	0.1720393069656635	7.362039306965664
7.19	0.17031891389600676	7.360318913896007
7.19	0.16861572475704661	7.358615724757047
7.19	0.16692956750947616	7.356929567509477
7.19	0.16526027183438138	7.355260271834382
7.19	0.16360766911603752	7.3536076691160375
7.19	0.16197159242487702	7.351971592424878
7.15528	0.16378915650062825	7.319069156500628
7.098	0.16782198493562206	7.265821984935622
7.04072	0.17181448508626573	7.212534485086266
6.98344	0.1757670602354031	7.159207060235403
6.92616	0.17968010963304915	7.10584010963305
6.86887	0.18355501853671852	7.052425018536718
6.81159	0.1873901883513514	6.998980188351351
6.75431	0.19118700646783787	6.945497006467838
6.69703	0.19494585640315948	6.8919758564031595
6.63975	0.1986671178391279	6.838417117839128
6.6	0.20061569666073675	6.800615696660737
6.59207	0.19939460969412937	6.791464609694129
6.58083	0.19851342359718815	6.779343423597188
6.56959	0.19764104936121624	6.767231049361216
6.55836	0.19677640886760397	6.755136408867604
6.54712	0.19592140477892794	6.7430414047789276
6.53589	0.19507396073113858	6.730963960731139
6.52465	0.1942359811238272	6.718885981123828
6.51341	0.19340638131258886	6.706816381312589
6.50218	0.19258408749946299	6.694764087499463
6.5	0.19087406662446826	6.690874066624469
6.48996	0.18995928595822367	6.679919285958223
6.45718	0.19130491309864128	6.648484913098642
6.42439	0.19263807396765487	6.617028073967655
6.3916	0.19395790322797826	6.585557903227978
6.35882	0.19526354419569858	6.554083544195699
6.32603	0.1965571187537415	6.522587118753742
6.3	0.19716851756620413	6.4971685175662035
6.29549	0.19564332239054202	6.491133322390542
6.28438	0.1947867791666366	6.479166779166636
6.27327	0.1939388013749701	6.46720880137497
6.26215	0.1931002933612204	6.45525029336122
6.25104	0.19226918042760827	6.443309180427608
6.23993	0.19144637862333208	6.431376378623332
6.22882	0.1906318048370987	6.419451804837099
6.21771	0.1898253767887276	6.4075353767887275
6.2066	0.18902701302084035	6.395627013020841
6.2	0.1877901428906319	6.387790142890632
6.2	0.18591224146172564	6.3859122414617255
6.2	0.1840531190471084	6.384053119047109
6.2	0.18221258785663724	6.382212587856637
6.2	0.18039046197807088	6.380390461978071
6.2	0.17858655735829015	6.3785865573582905
6.2	0.17680069178470728	6.376800691784707
6.2	0.17503268486686024	6.37503268486686
6.2	0.17328235801819167	6.373282358018192
6.2	0.17154953443800977	6.37154953443801
6.2	0.16983403909362968	6.36983403909363
6.2	0.1681356987026934	6.368135698702694
6.2	0.1664543417156665	6.3664543417156665
6.2	0.16478979829850982	6.36478979829851
6.2	0.16314190031552478	6.363141900315525
6.2	0.16151048131236953	6.3615104813123695
6.2	0.15989537649924587	6.359895376499246
6.2	0.15829642273425348	6.358296422734254
6.2	0.15671345850691099	6.356713458506912
6.2	0.15514632392184194	6.355146323921842
6.2	0.1535948606826235	6.353594860682624
6.2	0.15205891207579728	6.3520589120757975
6.2	0.15053832295503933	6.35053832295504
6.2	0.14903293972548895	6.349032939725489
6.2	0.14754261032823407	6.347542610328234
6.2	0.14606718422495177	6.346067184224952
6.2	0.14460651238270225	6.344606512382702
6.2	0.14316044725887522	6.343160447258875
6.2	0.14172884278628653	6.341728842786287
6.2	0.14031155435842368	6.340311554358424
6.2	0.13890843881483947	6.33890843881484
6.2	0.1375193544266911	6.337519354426691
6.2	0.13614416088242418	6.336144160882425
6.2	0.13478271927359994	6.3347827192736
6.2	0.13343489208086395	6.333434892080864
6.2	0.13210054316005532	6.332100543160055
6.2	0.13077953772845483	6.330779537728455
6.2	0.12947174235117026	6.329471742351171
6.2	0.1281770249276586	6.328177024927658
6.2	0.12689525467838206	6.326895254678382
6.2	0.12562630213159826	6.325626302131599
6.2	0.12437003911028227	6.324370039110282
6.2	0.12312633871917944	6.323126338719179
6.2	0.12189507533198762	6.321895075331987
6.2	0.12067612457866775	6.320676124578668
6.2	0.11946936333288108	6.319469363332881
6.2	0.11827466969955225	6.318274669699552
6.2	0.11709192300255672	6.317091923002557
6.2	0.11592100377253117	6.315921003772531
